date,close,pe_mcw,pe_ew,pe_ewpvo,pe_avg,pe_median,pb_mcw,pb_ew,pb_ewpvo,pb_avg,pb_median
2020-12-01T00:00:00+08:00,5550.5876,22.961726419741378,-21.76085549529472,25.917642773340745,48.34583054990311,52.315221447809606,1.9581855796504888,2.446897465328298,25.917642773340745,3.307193440479264,2.7501754845590525
2020-11-30T00:00:00+08:00,5450.5039,22.564675123769934,-21.80991360099182,25.611647474646436,47.70798432420366,51.695291239738125,1.9243845802824235,2.4166537893853968,25.611647474646436,3.25703029452047,2.7156174496148306
2020-11-27T00:00:00+08:00,5470.4812,22.642395980981778,-21.541008754692776,25.691019666761157,47.89517990790309,51.95503686359163,1.9306358260552412,2.4201405229378428,25.691019666761157,3.2537546333860736,2.719807746236924
2020-11-26T00:00:00+08:00,5432.5492,22.428993834425867,-21.717100136415336,25.62647848053566,47.8242487373504,51.880610441241295,1.9127967966504162,2.416697881466183,25.62647848053566,3.2628553413805497,2.732377845954657
2020-11-25T00:00:00+08:00,5438.5611,22.42245822782531,-21.80098802242668,25.480116331410713,48.18765050111083,52.00604652859017,1.9121700187441726,2.4188915147374175,25.480116331410713,3.282463097942877,2.749146897018677
2020-11-24T00:00:00+08:00,5521.103,22.724040227019998,-21.63682825463154,25.87092955590468,48.83202618339627,52.64074497292224,1.9381213182735268,2.4500209007261446,25.87092955590468,3.3169768858576725,2.789394837261782
2020-11-23T00:00:00+08:00,5539.2848,22.798077235768655,-21.68647968958367,25.820575205003127,48.971020119700334,52.7741660936483,1.9446263202408158,2.4508893757740324,25.820575205003127,3.324328454150289,2.7756513500770006
2020-11-20T00:00:00+08:00,5488.7726,22.590263359068462,-21.72111781652558,25.73430752883864,48.97142724667477,52.86495193497406,1.927173028125614,2.4334076138667458,25.73430752883864,3.3353128337427496,2.7763107310285693
2020-11-19T00:00:00+08:00,5459.526,22.483171712591666,-21.701588192203896,25.692125543036298,48.82393479849595,52.46230149579261,1.9182768832114478,2.4181833795008623,25.692125543036298,3.3187524869823157,2.7562083597413682
2020-11-18T00:00:00+08:00,5426.9427,22.35556674192894,-21.69399791620215,25.72544034441541,48.38144548670819,52.066560587478406,1.907411180094328,2.4172001788824415,25.72544034441541,3.2995723371561194,2.7533390126500867
2020-11-17T00:00:00+08:00,5428.0765,22.33930626977169,-21.707102160760066,25.5821746895112,48.32845029869466,51.77133608716396,1.9062962049095038,2.4041428737875106,25.5821746895112,3.286250528141788,2.734213026371085
2020-11-16T00:00:00+08:00,5456.7264,22.43957159133005,-21.677835933989336,25.7194219550458,48.802309490682944,52.55695161935855,1.9149146660070058,2.412129659357729,25.7194219550458,3.3149664453393117,2.7563600478044914
2020-11-13T00:00:00+08:00,5402.7702,22.224122219118367,-21.762927594627524,25.449929781845015,48.239172952165816,52.04455954425071,1.8965338081713707,2.3764547351729517,25.449929781845015,3.300491905786694,2.7335455650170326
2020-11-12T00:00:00+08:00,5435.1379,22.364930796824876,-21.71011265659277,25.55473530836063,48.532791240594015,51.794996302148164,1.908622308112123,2.381619630314063,25.55473530836063,3.3018435033590663,2.7262387277388735
2020-11-11T00:00:00+08:00,5425.8017,22.352211398297836,-21.59220323116056,25.572929851655076,48.33858678885488,51.89412730750903,1.907722202030891,2.3786566859250393,25.572929851655076,3.2996321035532823,2.725460915005441
2020-11-10T00:00:00+08:00,5494.1042,22.589220535293528,-21.673196592635353,25.716232099387003,48.99273557659581,52.78249090446679,1.9280034142250413,2.3939970208909878,25.716232099387003,3.366800158068322,2.7435902045032834
2020-11-09T00:00:00+08:00,5536.0945,22.74334644053697,-21.645092589306916,25.899428743531143,49.61489703449778,53.61082114589499,1.9412580080469317,2.413520578745392,25.899428743531143,3.3929657550763017,2.7729531310504525
2020-11-06T00:00:00+08:00,5423.9631,22.299349675930902,-21.746914352717365,25.495791184554836,48.59465269893454,52.45208704305146,1.9033582720156998,2.3661911819018866,25.495791184554836,3.3218357842732638,2.722915120899243
2020-11-05T00:00:00+08:00,5448.9554,22.401798036528962,-21.710492917557897,25.690028368634987,49.453408698454254,53.241911417181036,1.912437200504306,2.382312686935213,25.690028368634987,3.350001368098197,2.746923577048486
2020-11-04T00:00:00+08:00,5361.2516,22.06256295036369,-21.77928551376059,25.269911649524833,48.37184412862776,51.92648250379986,1.8853294069509725,2.3404112344977883,25.269911649524833,3.299556015443089,2.7063904063529205
2020-11-03T00:00:00+08:00,5343.7954,22.004910889256475,-21.788865479650312,25.31544682578322,48.3653423518519,52.01575077064473,1.8809026072266253,2.3481755777687336,25.31544682578322,3.3126213321838134,2.719170126620154
2020-11-02T00:00:00+08:00,5266.9348,21.687328422710458,-21.907898911709392,24.88261434633196,47.1592082264051,51.11802126217315,1.8542165965057218,2.3012094241127548,24.88261434633196,3.2556541869787847,2.648930236737464
2020-10-30T00:00:00+08:00,5241.1747,21.664719411079716,-21.86431122575718,25.212266779671793,47.242147809083164,51.05090197444083,1.8757894362814402,2.318961279040295,25.212266779671793,3.240249748989476,2.6644116367386657
2020-10-29T00:00:00+08:00,5346.8994,22.38918708002724,-21.76771681069157,26.019377600152204,49.17313009932314,53.01011719889317,1.9298192033527297,2.3929038379509753,26.019377600152204,3.3788427129198695,2.737040101847749
2020-10-28T00:00:00+08:00,5326.0092,22.657312487900157,-21.814261407221,26.331540859614567,50.021890178617,53.4306824683934,1.935278726720558,2.409348994551158,26.331540859614567,3.4134455860020374,2.757904845508518
2020-10-27T00:00:00+08:00,5297.0037,22.70123741332457,-21.868546114233606,26.487152461206986,50.392143134918065,52.86131516944142,1.933936657544583,2.4162557717778776,26.487152461206986,3.4060249290223585,2.7707687980250455
2020-10-26T00:00:00+08:00,5284.8498,22.71040666912959,-21.614383574042296,26.715782868680797,50.60709097296251,53.28973558715379,1.9317448689133505,2.427254693887927,26.715782868680797,3.4054117810150992,2.788006781041518
2020-10-23T00:00:00+08:00,5295.6172,22.806061152188644,-21.479486033217192,26.92805144117947,51.22594282358432,53.13378332107277,1.9420606209581686,2.435719427804026,26.92805144117947,3.418327372975935,2.798012804078925
2020-10-22T00:00:00+08:00,5374.5496,23.161420476382485,-21.359078235137737,27.281776966857038,52.50093308246711,54.14571875825446,1.9696098689033756,2.464263350411517,27.281776966857038,3.4714840106080174,2.840782762650998
2020-10-21T00:00:00+08:00,5395.7818,23.282031714459706,-21.47157725173302,27.39683734901781,52.77889996959421,54.363843592417865,1.9791984406914263,2.473661006807603,27.39683734901781,3.489232649165501,2.8471813157689003
2020-10-20T00:00:00+08:00,5432.8171,23.392998717764996,-21.61299479614268,27.669291669876028,53.40389248141639,55.22810678526351,1.988196754656698,2.5004602262805022,27.669291669876028,3.5229394568791617,2.8778352429966882
2020-10-19T00:00:00+08:00,5383.3606,23.32612652766663,-21.368795331842886,27.522453682828807,53.13622218648296,54.71367584666517,1.976263995209875,2.485232146703106,27.522453682828807,3.500067506996729,2.8547972124480605
2020-10-16T00:00:00+08:00,5424.6049,23.464985805450887,-21.249596582045733,27.67904273356487,53.53848482248826,55.17038205610244,1.9891098764250619,2.4972965579618847,27.67904273356487,3.520817508361133,2.8683813810268646
2020-10-15T00:00:00+08:00,5436.2907,23.490137192887158,-21.20298294691644,27.617406145872017,53.72398027800057,55.16967044414648,1.9901700029711884,2.4928325689497424,27.617406145872017,3.52035291950007,2.87975901930293
2020-10-14T00:00:00+08:00,5462.8716,23.622470166451013,-20.248629231782314,27.747156941286413,54.11030984570228,55.84216918735515,1.9981950188612239,2.5084825766415384,27.747156941286413,3.542622859622249,2.899474315004131
2020-10-13T00:00:00+08:00,5499.6998,23.76766020576794,-20.352896316255894,27.88571827866931,54.44029259373897,56.33718156803267,2.0104235732635103,2.528017786206026,27.88571827866931,3.566501788059545,2.9219863435333546
2020-10-12T00:00:00+08:00,5481.9514,23.71059782661597,-20.40182811053438,27.891663196462225,54.46343405336767,56.23956581637986,2.0051432757255236,2.527355502646405,27.891663196462225,3.5471005308527386,2.9182799826044117
2020-10-09T00:00:00+08:00,5319.4489,23.04522683238344,-20.398886164625786,27.23242796152966,52.688061769651675,54.65137564225108,1.9492248073512666,2.457117085711674,27.23242796152966,3.445897014001375,2.8332732700327763
2020-09-30T00:00:00+08:00,5189.3574,22.55082189633904,-20.622678762773518,26.580439773132063,51.21056312693361,53.29684723430706,1.9063435048908115,2.387226676852519,26.580439773132063,3.3246812440006477,2.7420908012656207
2020-09-29T00:00:00+08:00,5195.9562,22.630809184961436,-18.979630897951633,26.674241686365868,51.09130822373166,52.797613324131994,1.9100027148573495,2.406972480454137,26.674241686365868,3.335244457097558,2.7645484933413758
2020-09-28T00:00:00+08:00,5165.0604,22.514164996335825,-19.235446423804547,26.545976502810806,50.618582031991565,52.40587139970852,1.900158139034742,2.391908081566169,26.545976502810806,3.311691570398656,2.739232140559452
2020-09-25T00:00:00+08:00,5187.2912,22.57836014069226,-19.586697548892946,26.75563728354006,51.576440939739975,53.01886369361172,1.9055761026169653,2.4198648964426956,26.75563728354006,3.363730852000003,2.782401746842361
2020-09-24T00:00:00+08:00,5192.7088,22.615071392383243,-19.78125011162382,26.874611401118134,51.6976486413192,53.34024885099859,1.9086763905279178,2.4316322028639297,26.874611401118134,3.386733451835535,2.810279064296414
2020-09-23T00:00:00+08:00,5311.6541,23.07098141472116,-20.03132177702586,27.546861051049202,53.00208118773925,54.92959633445425,1.9471544780272751,2.500682864631617,27.546861051049202,3.4861210182082734,2.893383721474922
2020-09-22T00:00:00+08:00,5286.9878,22.975490795074215,-20.225627742355616,27.46788914882584,52.37396423775072,54.635986664123166,1.9390952201954699,2.490898489000667,27.46788914882584,3.4644988763823124,2.8667731616805647
2020-09-21T00:00:00+08:00,5354.6709,23.249598077186555,-20.288383209207993,27.857097783003496,53.07018216108731,55.647214098049425,1.9622294428898501,2.5331183373690194,27.857097783003496,3.5283373275544063,2.9297800396668148
2020-09-18T00:00:00+08:00,5387.1105,23.40132317254611,-20.376104368534573,27.98715288998286,53.28574701840712,55.67991087239448,1.975034801862089,2.5388780188186866,27.98715288998286,3.5246436871100535,2.9300504561731326
2020-09-17T00:00:00+08:00,5287.8697,22.964263463317696,-20.462941608439476,27.50998996336094,52.66427776771017,54.97794048058198,1.938147651086287,2.5011520020859974,27.50998996336094,3.4828879213424044,2.892694869511592
2020-09-16T00:00:00+08:00,5297.7928,22.98847822761618,-20.474187674013482,27.47242029449794,52.22321854768723,54.602617500920005,1.9401911100558602,2.4964760611902057,27.47242029449794,3.468126236485748,2.8824019209356027
2020-09-15T00:00:00+08:00,5337.3485,23.12382001616932,-20.50647745512588,27.608972758614573,52.727849707610815,54.83618387471144,1.9516137424011648,2.50944316103287,27.608972758614573,3.506602108213563,2.8927148532347315
2020-09-14T00:00:00+08:00,5302.5738,22.986478437963854,-20.56753926271801,27.580019787473415,52.67928206353858,54.94514588896055,1.940022330980326,2.5076651676161057,27.580019787473415,3.473979583682884,2.89279061379395
2020-09-11T00:00:00+08:00,5256.6234,22.810467180469885,-20.59486086154471,27.331335887034303,51.768892862343115,54.16552078615432,1.9251672599452485,2.4712317190665014,27.331335887034303,3.4077108090174484,2.835534249998558
2020-09-10T00:00:00+08:00,5193.2028,22.563870269855684,-20.902027103939115,27.01397827364556,50.9732426500435,53.191577952571556,1.9043548717130827,2.4402875833128332,27.01397827364556,3.360769968752141,2.7924980828380983
2020-09-09T00:00:00+08:00,5268.4419,22.832178643219066,-21.088694179368378,27.731475438540038,52.9612869518979,55.26856600493934,1.9269996729738135,2.534491455255129,27.731475438540038,3.518917999470898,2.9183443632219066
2020-09-08T00:00:00+08:00,5408.8298,23.384187270686084,-21.177038208109934,28.376056864562067,54.68281457755803,56.79214144475208,1.9735888216824606,2.5791740507907224,28.376056864562067,3.6384817612871045,3.0212844668728582
2020-09-07T00:00:00+08:00,5375.8657,23.234503233933516,-21.27970983086466,28.09858351288002,54.37413496414133,56.89249920497874,1.9609557231573453,2.536463039476014,28.09858351288002,3.597531644980026,2.9922736197956805
2020-09-04T00:00:00+08:00,5485.2751,23.684465329215744,-21.088346250454038,28.41684994745587,55.19841745621171,57.71482425050904,1.9989318200449644,2.55694616577706,28.41684994745587,3.6272420120960076,3.016198051722357
2020-09-03T00:00:00+08:00,5522.0849,23.845484623880303,-20.896205039225105,28.450615002818218,55.08846723886545,57.78493841701106,2.0125215966040306,2.550713416745713,28.450615002818218,3.616407092242344,2.9850242519044654
2020-09-02T00:00:00+08:00,5564.6916,24.003283238450134,-20.846834224824672,28.714745568607075,55.601303345639195,58.29850691345445,2.026312701800922,2.5682482297789684,28.714745568607075,3.6715104317066882,3.032949218275836
2020-09-01T00:00:00+08:00,5556.5008,23.9921801705096,-20.74235510208442,28.70054574525811,55.17782970160785,58.05477845596101,2.025371240017479,2.553585671669717,28.70054574525811,3.632040308116795,3.0075944780562116
2020-08-31T00:00:00+08:00,5525.2146,23.87215859550323,-20.70936982767883,28.657538024905353,55.05974881730701,57.25615651998346,2.0152928402325023,2.5383231501764327,28.657538024905353,3.61411537149834,2.991413385943638
2020-08-28T00:00:00+08:00,5541.3481,22.93924899055749,-21.186462687201313,28.228607815196103,55.687822691559504,57.91290703484848,2.0207227159241885,2.533754414631938,28.228607815196103,3.6190176062476396,2.9779579363091755
2020-08-27T00:00:00+08:00,5438.7601,22.14396175855565,-21.804823371427265,28.303297932919527,55.37510787675636,57.683329554485795,1.9900117373670716,2.505892599216789,28.303297932919527,3.571453960737453,2.952793792775897
2020-08-26T00:00:00+08:00,5393.7227,22.012641421091754,-21.827877971634948,28.144909967333792,55.18321080169817,56.794582976477955,1.9743524189985293,2.4791472274759623,28.144909967333792,3.520324774489888,2.920485793451071
2020-08-25T00:00:00+08:00,5482.9364,22.380655244776396,-22.038178599893506,28.82319839892927,57.048280713812865,58.69364363234604,2.0065843704989836,2.528018470034221,28.82319839892927,3.6214893440004547,2.9836664341486445
2020-08-24T00:00:00+08:00,5490.775,22.482488288022008,-21.651895595790435,29.079668897498287,57.44605582229362,59.30807063747093,2.0123055078631604,2.5366462477205305,29.079668897498287,3.629186180725114,2.983120591710896
2020-08-21T00:00:00+08:00,5447.7167,22.326233778561146,-21.778059463908445,29.056543410540623,56.62736098486809,58.91742365346898,2.0035263509748886,2.5291811858061632,29.056543410540623,3.591034839979495,2.97546519534668
2020-08-20T00:00:00+08:00,5405.4483,22.17655595177416,-22.181472247350843,28.9140135962783,56.33278898551273,58.51897106748166,1.9886517476822363,2.511982882937208,28.9140135962783,3.572136786781357,2.9546035592649194
2020-08-19T00:00:00+08:00,5474.6586,22.47263615702411,-22.350442004951883,29.26192209622124,57.1371104944601,59.19075581964927,2.015081328092673,2.5372131027484355,29.26192209622124,3.6174007040142864,2.9816298726145187
2020-08-18T00:00:00+08:00,5568.3863,22.864162421508283,-22.52878730333998,29.54042068379292,58.59306611123881,60.26138635067595,2.0481154250051112,2.564179068854294,29.54042068379292,3.6997888663526455,3.027060283675423
2020-08-17T00:00:00+08:00,5547.4756,22.81987427888767,-22.09285445450904,29.391295612968165,58.50269713473055,60.21168164746001,2.041314509899152,2.5523142553691196,29.391295612968165,3.671085719208256,2.993672121887348
2020-08-14T00:00:00+08:00,5431.5442,22.337937801765644,-21.80613669480825,28.851376672005497,57.59418062283051,59.40542625099546,1.9985506410287452,2.507760936496653,28.851376672005497,3.591166469765006,2.934728687369169
2020-08-13T00:00:00+08:00,5366.5525,22.06493633964929,-21.816405407324726,28.659186339134088,57.533046009838486,58.990923563688305,1.9742189764907467,2.491900521206056,28.659186339134088,3.5512593317349346,2.9189809809093274
2020-08-12T00:00:00+08:00,5363.4444,22.071963518419523,-21.709314107480083,28.43735796921182,56.957734345399565,58.618013426462525,1.9740619546478444,2.472378952484693,28.43735796921182,3.531879484965842,2.900838173368447
2020-08-11T00:00:00+08:00,5414.8211,22.280964262272605,-21.675203275319,28.483045234722912,57.80720233798319,59.12905189907086,1.991048078013026,2.478039737431778,28.483045234722912,3.5811489625111577,2.9373557288467524
2020-08-10T00:00:00+08:00,5491.6292,22.657607322496254,-20.006510892473933,30.824883913532734,58.82694943738225,60.3530273783804,2.0174892786933967,2.527290950705271,30.824883913532734,3.6672902328709562,3.0087690371165623
2020-08-07T00:00:00+08:00,5469.8144,22.540860232913666,-20.212113302880784,30.48921230541388,58.7596966685933,59.96809948580198,2.007365708042903,2.4969775966363668,30.48921230541388,3.6469552680755983,2.981117747742342
2020-08-06T00:00:00+08:00,5535.7074,22.809494487439057,-20.456062729316425,30.89518160204264,59.84529737739286,61.148279645102434,2.030740851548664,2.526006288767842,30.89518160204264,3.699540016121478,3.0110755381297376
2020-08-05T00:00:00+08:00,5544.9637,22.83920907123374,-20.412572283890288,30.999585370432396,59.74999878353662,61.467368990456535,2.033074575115899,2.529733623179704,30.999585370432396,3.7070007406331498,3.02625210635519
2020-08-04T00:00:00+08:00,5512.5658,22.751133360849277,-19.796155012449344,30.93913552810999,59.13890441372655,60.70672521679791,2.02536991322076,2.512273460953047,30.93913552810999,3.6565266879748006,2.983978197248519
2020-08-03T00:00:00+08:00,5529.0119,22.767983514349442,-19.790429225412478,30.9968923262294,59.834115545067995,60.9218804562232,2.027374189882693,2.5217008841297317,30.9968923262294,3.665170986750038,3.0044029585353735
2020-07-31T00:00:00+08:00,5409.4558,22.305430309332742,-19.593004003014524,30.24010365030349,57.848769513134975,59.288985575861055,1.9860767918520152,2.4486724572549226,30.24010365030349,3.5559572074037957,2.920667815267421
2020-07-30T00:00:00+08:00,5351.832,22.100851837293806,-19.503746955203482,30.0004975273707,57.34646227398064,58.730061679448156,1.9671478604078603,2.4270430874873616,30.0004975273707,3.512541363470634,2.8822394552584996
2020-07-29T00:00:00+08:00,5369.998,22.180105975369916,-19.394164176108713,29.987766689880793,57.64417700755565,58.51421573874541,1.9743485985989226,2.426973479231803,29.987766689880793,3.528555580712135,2.8831319896059475
2020-07-28T00:00:00+08:00,5235.6754,21.6580978690396,-19.42083310869203,29.377081546038397,56.317827036183566,57.03470875888263,1.9277979307787667,2.3777203043850905,29.377081546038397,3.438568949521092,2.8234966701703743
2020-07-27T00:00:00+08:00,5183.8154,21.459350345501022,-19.250353846493528,29.11812926447979,55.65988703314521,56.21272457067954,1.909627181779327,2.356383484791801,29.11812926447979,3.3942928897567657,2.7796152227749644
2020-07-24T00:00:00+08:00,5169.0744,21.417681905863017,-19.526867830263843,29.19401100424761,55.70605578510094,56.175174320465324,1.9058529900439745,2.3562051138157014,29.19401100424761,3.406469649993658,2.7688707062339066
2020-07-23T00:00:00+08:00,5417.9236,22.380529384446767,-19.69022299406072,30.359436305427405,58.19429261839618,59.335237508434204,1.9914943970068355,2.4486532457470824,30.359436305427405,3.5444521864397243,2.900131691825708
2020-07-22T00:00:00+08:00,5420.1051,22.4272843969253,-19.917179797149995,30.527610244870832,58.111850000732716,58.91742365346898,1.994176321288609,2.4609602170166287,30.527610244870832,3.5635224236526195,2.909940083927195
2020-07-21T00:00:00+08:00,5385.9746,22.30569810650639,-20.2057273381153,30.476122471682753,57.771188824666524,58.56971637672173,1.9837492147420672,2.455981572877511,30.476122471682753,3.5434251353313337,2.887822176190841
2020-07-20T00:00:00+08:00,5362.6629,22.221914427435344,-20.457804001633097,30.44531188984646,57.097626998872336,58.53406973684884,1.9761137181944906,2.4489765509388643,30.44531188984646,3.5295665180837945,2.877243079822362
2020-07-17T00:00:00+08:00,5202.8155,21.627894379351176,-20.840621607673764,29.334853372999227,55.63384647222981,56.506890218814654,1.921642027236442,2.3544768338954274,29.334853372999227,3.3995076293301847,2.7639167020617226
2020-07-16T00:00:00+08:00,5178.8501,21.56734781920275,-21.273999218784372,29.280464933508114,55.36036845631325,56.19784743799149,1.9147507512278625,2.356996797611764,29.280464933508114,3.400426451121059,2.774827308018902
2020-07-15T00:00:00+08:00,5445.8282,22.648498129609788,-21.720589202003985,30.47986472153121,58.40247110661601,59.60595169115293,2.0089877768118316,2.4502807479124087,30.47986472153121,3.578827632829706,2.90846154454694
2020-07-14T00:00:00+08:00,5550.2048,23.09783270446138,-22.160138696006875,31.225714626554467,59.99692019693101,61.11471015118773,2.0440201756389524,2.5200221637903732,31.225714626554467,3.65861347715732,2.9980294752792735
2020-07-13T00:00:00+08:00,5604.0072,23.296032727194856,-22.69055453480118,31.397209923720848,60.56229474478054,61.52507975033724,2.0604321391723683,2.518274136664745,31.397209923720848,3.6938691376690898,3.0052681612267933
2020-07-10T00:00:00+08:00,5452.8487,22.73692323498105,-22.845733204986914,30.476307005972814,58.67433721233993,59.56829782187761,2.0096527083627915,2.43656395452004,30.476307005972814,3.5649141459137903,2.8915633790220445
2020-07-09T00:00:00+08:00,5513.8979,23.076922189357937,-22.411210013825364,30.875204444964826,59.16532683445869,59.466716706894644,2.0289826867602394,2.464317745226255,30.875204444964826,3.5829564715341977,2.9160838592282388
2020-07-08T00:00:00+08:00,5403.7472,22.653946048413367,-22.060565869705666,30.213225762042736,57.32382796000568,57.90353290336184,1.991053939549304,2.4119301411489023,30.213225762042736,3.503172652767818,2.851181278505924
2020-07-07T00:00:00+08:00,5301.9402,22.29985209124661,-20.232139205137226,29.669619371992958,56.09679738162652,56.79933347356948,1.9559554527147678,2.3845402788307566,29.669619371992958,3.4214776621163803,2.7812484979019922
2020-07-06T00:00:00+08:00,5249.302,22.097474569104673,-20.57474052125367,29.575044669516025,55.18882996154557,55.610251275623135,1.9383545831965001,2.3764872070964866,29.575044669516025,3.3673016693307916,2.7635132818566692
2020-07-03T00:00:00+08:00,5008.3497,21.00722267307824,-21.012637729904558,28.30371273903522,53.10913097778319,53.67962249231658,1.8414133437156226,2.2710524998643487,28.30371273903522,3.2676466906705293,2.6581987239003215
2020-07-02T00:00:00+08:00,4931.0958,20.642042881048294,-21.436720047856983,27.926855471650764,52.60298419820439,53.4304116566247,1.8088910439738883,2.233708272048869,27.926855471650764,3.2381279157896463,2.6206491026707166
2020-07-01T00:00:00+08:00,4849.456,20.280829409583653,-21.80586287347344,27.42213555700389,52.281617463500794,52.51725100034115,1.776820320795653,2.191841522922448,27.42213555700389,3.1772227210417183,2.5940091926174715
2020-06-30T00:00:00+08:00,4792.7106,19.662460386921694,-21.19473443328796,26.70920425324817,51.586922012074254,52.381629191963974,1.7263988217882975,2.1390493066574834,26.70920425324817,3.07817471278045,2.5129886955938314
2020-06-29T00:00:00+08:00,4721.121,19.428533555549354,-21.354393729177673,26.389439324090315,50.68257372246462,51.34082524721305,1.700540569783118,2.1125167779403653,26.389439324090315,3.031020607584151,2.478771282571108
2020-06-24T00:00:00+08:00,4748.3341,19.514584085322856,-21.787240714189316,26.584407426376895,50.897796895099724,51.48986512701629,1.7099571240393265,2.1278915530184874,26.584407426376895,3.0573634274253463,2.4956842883070864
2020-06-23T00:00:00+08:00,4743.4515,19.468054341336128,-21.926351869671713,26.606048209868764,50.873703047256825,51.583803416988104,1.7031088672381929,2.1330348930340226,26.606048209868764,3.053866991755993,2.5029461050970507
2020-06-22T00:00:00+08:00,4725.9377,19.396425303001532,-22.318833336765174,26.6910890954932,50.86427795749789,51.67541499103558,1.6976398824583478,2.1445745595898074,26.6910890954932,3.048095619164436,2.500807151342676
2020-06-19T00:00:00+08:00,4717.905,19.374149034480496,-22.648110706388778,26.74672633426202,50.49376903473945,51.16798890688831,1.6950913269961485,2.1435058210935747,26.74672633426202,3.057900219947613,2.501097934412409
2020-06-18T00:00:00+08:00,4667.5844,19.178441027553873,-22.951870989409546,26.66551089859224,50.063159771198634,50.92127651386817,1.6768279188136104,2.1343331000921615,26.66551089859224,3.03579670219355,2.500933987762113
2020-06-17T00:00:00+08:00,4655.9279,19.14068029417123,-23.13040778068981,26.628687432491553,50.0735878339453,51.11269183299425,1.6730153282928688,2.1290840686930355,26.628687432491553,3.056220961963425,2.5046359610619913
2020-06-16T00:00:00+08:00,4643.2158,18.92926594995253,-25.632690457064573,26.34767593806381,49.80444399517664,50.67308571931578,1.6690145558534064,2.1085281663298394,26.34767593806381,3.040159070368181,2.4864463884300196
2020-06-15T00:00:00+08:00,4566.5181,18.631080873807093,-26.11189875789782,25.94518654507173,48.56103363569896,50.04619226068771,1.6431597255601025,2.0759387785663064,25.94518654507173,2.968662426511136,2.45558285568445
2020-06-12T00:00:00+08:00,4596.9649,18.773834927640856,-26.59787629472132,26.0159846196366,48.79114604086744,49.865131506387904,1.6546344501682562,2.077860177079106,26.0159846196366,2.977274031081941,2.463012134848325
2020-06-11T00:00:00+08:00,4592.138,18.71080802677178,-27.170526474094032,26.053534164152676,48.74529874043956,49.71727708939254,1.6526310970787954,2.0705791820125725,26.053534164152676,2.9796915007080007,2.4545400795343126
2020-06-10T00:00:00+08:00,4624.6669,18.829974138383896,-27.690156764536717,26.22386806149757,48.839623602808715,50.095219909758434,1.6627183026268906,2.075399965093179,26.22386806149757,2.9927489753583796,2.4612052233932666
2020-06-09T00:00:00+08:00,4627.4363,18.86736294353481,-28.127337405653563,26.294813367062513,49.03105325277812,49.96019493939107,1.6641801955677271,2.0887759260077363,26.294813367062513,2.994950789158945,2.469860192268898
2020-06-08T00:00:00+08:00,4598.6915,18.807697736095403,-27.15760373318046,26.186742452701974,48.78149065257075,49.77039712559165,1.654476487369364,2.0864914073980407,26.186742452701974,2.9841945962688254,2.466914832125765
2020-06-05T00:00:00+08:00,4591.9647,18.772512559455453,-27.41782739137809,26.186167573482045,48.9391277714027,50.07642328225146,1.6522540698068513,2.087831698358844,26.186167573482045,2.98819324209892,2.4660712251120427
2020-06-04T00:00:00+08:00,4578.8989,18.64607705729864,-27.818365399670856,26.239224879621343,48.859414651796925,49.68780387838292,1.6457367500765239,2.085786019807173,26.239224879621343,2.9672368334689354,2.4511305462144173
2020-06-03T00:00:00+08:00,4574.8764,18.61868564785825,-27.968134321473727,26.16746820495534,48.82007025812306,49.24345163867647,1.6454578620557858,2.0778346845231317,26.16746820495534,2.965945882753826,2.443917587882699
2020-06-02T00:00:00+08:00,4574.126,18.60446842859196,-27.274399873539856,26.209637667494142,48.8929862435736,49.30439837454408,1.6439479024836054,2.078885913129891,26.209637667494142,2.9539720993074154,2.444694500940259
2020-06-01T00:00:00+08:00,4564.2455,18.56498672123506,-27.357576874400113,26.036095837775385,48.61660232332569,48.894626299094725,1.639790503776836,2.061967339212713,26.036095837775385,2.9502454087055976,2.4317548472976847
2020-05-29T00:00:00+08:00,4439.0883,18.043474029067124,-27.696936299005845,25.374348648938863,47.325201288567136,47.434948062745036,1.5985801146298657,2.007296825788654,25.374348648938863,2.8490994440929978,2.3716269861259702
2020-05-28T00:00:00+08:00,4413.9104,17.968374911274186,-27.74793026691888,25.286999515222607,46.938462106789935,47.151133692213904,1.590793473433663,1.9957434881663003,25.286999515222607,2.830456406079565,2.3518031616376356
2020-05-27T00:00:00+08:00,4413.3213,17.952035889815246,-28.060634172242917,25.339474911760014,47.16805497983377,47.10115847703153,1.5887889851037411,1.99785230948988,25.339474911760014,2.841654362006376,2.361669155137274
2020-05-26T00:00:00+08:00,4443.2275,18.050035435492394,-28.159713120617806,25.380429042238642,47.29408332657362,47.19291122214364,1.597464602634663,1.999851328612456,25.380429042238642,2.860718064678492,2.3676895464266807
2020-05-25T00:00:00+08:00,4371.641,17.793547423983707,-28.056594658496458,24.990625644803995,46.1666010945393,46.216056869930085,1.5739274666827463,1.9655443313741465,24.990625644803995,2.7899844077902953,2.3191530233065074
2020-05-22T00:00:00+08:00,4370.1505,17.794108035871883,-28.486591468555975,24.97659152226896,46.33794156765444,46.44332372146695,1.573828435857921,1.9662691109774888,24.97659152226896,2.7930101195845696,2.3215146108331743
2020-05-21T00:00:00+08:00,4462.1544,18.142380056739526,-28.61981174160681,25.40042482877193,47.37297784518624,47.334707223400926,1.6046199693508476,1.9967711656896414,25.40042482877193,2.8409360497285716,2.359191000363204
2020-05-20T00:00:00+08:00,4499.9099,18.280650980250037,-28.770138337049207,25.59006319657051,48.021333389781866,47.90208364264393,1.6166855779151619,2.0136287762316587,25.59006319657051,2.8785072573437924,2.3767631839607812
2020-05-19T00:00:00+08:00,4533.7716,18.40587290150745,-29.124228990539898,25.810413231558076,48.62002466588779,48.55571989003998,1.6274637299586128,2.0281439114813704,25.810413231558076,2.8996113505258894,2.393460317000032
2020-05-18T00:00:00+08:00,4486.8457,18.199382115973542,-29.950416274149372,25.613856322277915,47.937924142755946,48.04233564462377,1.6105624412972335,2.0119205436769603,25.613856322277915,2.8764686663977237,2.3731443881497736
2020-05-15T00:00:00+08:00,4491.4297,18.19786091450418,-31.405878539679694,25.781746824249943,48.33574804460188,48.56328469633154,1.611255212913549,2.0168308236159107,25.781746824249943,2.89147852199543,2.367944047702211
2020-05-14T00:00:00+08:00,4489.0183,18.179267251696658,-31.86454522816235,25.773450781290933,47.955548174884825,48.63169774406612,1.6101571411962043,2.0136984049186615,25.773450781290933,2.8815306147906066,2.357302674192234
2020-05-13T00:00:00+08:00,4533.7701,18.353527207397285,-31.72589207098055,26.033927605051222,48.33972592425591,49.00802131287611,1.625754359335804,2.032487958254348,26.033927605051222,2.905647757758154,2.3955944462697003
2020-05-12T00:00:00+08:00,4516.0825,18.278647823804732,-31.995553355261926,25.920657554009786,47.95055138596668,48.54223286198265,1.6195533966869535,2.024511284937196,25.920657554009786,2.88639077242185,2.385494714552224
2020-05-11T00:00:00+08:00,4511.0502,18.273412015130635,-32.53771355174026,25.99170839302191,47.643206545772244,48.63245643492457,1.619168926424641,2.0324266843160683,25.99170839302191,2.88807992989828,2.391475046341982
2020-05-08T00:00:00+08:00,4517.6819,18.28542810917502,-33.21089424829855,25.968799072877385,47.67666830698478,48.59662486613801,1.6205425455963502,2.033213469639374,25.968799072877385,2.8853594773036657,2.38840442026175
2020-05-07T00:00:00+08:00,4471.0429,18.114861736285444,-33.53183150037145,25.731250693660876,46.885664339035735,47.966691080714234,1.6044846678750295,2.0145060339438725,25.731250693660876,2.848047305029117,2.36330331917761
2020-05-06T00:00:00+08:00,4480.6443,18.15219154568775,-33.97742261018066,25.790776151674386,46.99192262934246,48.03778574048877,1.6088168964474676,2.0208538699760106,25.790776151674386,2.859634863675544,2.367171406393126
2020-04-30T00:00:00+08:00,4426.3435,17.962024734270273,-34.16198471830715,25.488752078876725,45.91466288542332,46.9794510053,1.592348186865489,1.9794449414956206,25.488752078876725,2.7913035390485645,2.3099180741153775
2020-04-29T00:00:00+08:00,4352.4535,16.82677556223065,-42.07347033314345,24.321297002363725,43.84479596105678,43.18356037755308,1.571076734622631,1.9101308925168898,24.321297002363725,2.7032439493118487,2.2524493224544124
2020-04-28T00:00:00+08:00,4346.0849,16.558709105081405,-46.060780571893844,23.855376215532367,43.164873617957895,42.02010032305973,1.581271031589254,1.8983838945563662,23.855376215532367,2.7043554971451815,2.2489806806237436
2020-04-27T00:00:00+08:00,4357.5049,16.55153910989715,-49.74186520583974,24.124329329872253,43.82505126644944,41.20318315753158,1.5886400328622599,1.9393484168512647,24.124329329872253,2.7617055919125346,2.2901014724272937
2020-04-24T00:00:00+08:00,4351.551,16.60134838145537,-48.38120146368262,23.981256302538295,43.574867832935794,41.243977719528175,1.5905412560295267,1.9525017848226336,23.981256302538295,2.785538732012235,2.3194370925439265
2020-04-23T00:00:00+08:00,4409.3294,16.791951084705673,-49.74150465011127,24.289902419053675,44.42321568740573,42.02357037051195,1.6120591565948128,1.9854970775357703,24.289902419053675,2.838726532222912,2.358595826168099
2020-04-22T00:00:00+08:00,4426.6549,16.836839610819055,-50.5517286635136,24.28523811672374,44.77866025908202,42.022318744217664,1.6184198462619963,1.992937541130387,24.28523811672374,2.8575823064472874,2.3588799582381497
2020-04-21T00:00:00+08:00,4388.3064,16.714408355201765,-50.43415200618025,24.082514572182077,43.913281607945734,41.950001793409236,1.6072126798429147,1.9757157754650716,24.082514572182077,2.841306726340651,2.326875339658825
2020-04-20T00:00:00+08:00,4427.6936,16.80830282872282,-50.6688542954158,24.187905463268088,43.82499151447882,41.966347570198515,1.6236959807515103,1.988464357152903,24.187905463268088,2.8581569405858525,2.3542423016247547
2020-04-17T00:00:00+08:00,4391.6037,16.666469150892667,-52.06652872526019,23.890702942607,42.85914772956877,41.25220303037397,1.6134690098814648,1.973875008355671,23.890702942607,2.8145703662332457,2.3236127734854186
2020-04-16T00:00:00+08:00,4368.8382,16.596821587558402,-52.57697333290405,23.863330178236186,43.17958798181017,41.25176673758516,1.6049400981991775,1.9772023810744423,23.863330178236186,2.8143189744343498,2.3250812697863132
2020-04-15T00:00:00+08:00,4350.6874,16.537546405954195,-54.32200725349062,23.76786109848001,42.75891965894911,41.061374330111086,1.6001607671087386,1.9707615166082155,23.76786109848001,2.7992902009449705,2.320008947201417
2020-04-14T00:00:00+08:00,4378.0732,16.652582400806672,-54.23372492615839,23.90598269665825,42.94515162205302,41.43743261062317,1.608591653427069,1.9868747979021544,23.90598269665825,2.828643326676908,2.337728384399049
2020-04-13T00:00:00+08:00,4290.7739,16.344916481516663,-54.54043132799004,23.492938793394227,42.04117708043794,40.52333846664035,1.5805718451357436,1.9566923892449062,23.492938793394227,2.7802500925024343,2.3029232816000964
2020-04-10T00:00:00+08:00,4319.3555,16.456486385883515,-55.517129837936494,23.60405788084695,42.20302285446995,40.6014496440807,1.5903374881022947,1.972160960499541,23.60405788084695,2.81622415087931,2.312236738862035
2020-04-09T00:00:00+08:00,4385.6788,16.70723860559335,-53.40023419827105,23.977383620217477,43.1837388613847,41.70617363140353,1.6122579257140697,2.013390598087781,23.977383620217477,2.8943941393069896,2.382590586449899
2020-04-08T00:00:00+08:00,4357.0256,16.623686965636992,-52.44924133750989,23.84835325872231,42.81371563140784,41.503616362314574,1.603803209215557,2.000675178026288,23.84835325872231,2.8577994724286615,2.370709925566402
2020-04-07T00:00:00+08:00,4362.2588,16.66558062506361,-51.86000093760849,23.780157808481786,42.50464802973568,41.266342862547965,1.607341075873915,1.9919590363831632,23.780157808481786,2.8472308455246895,2.350051186581337
2020-04-03T00:00:00+08:00,4244.7389,16.2633878328953,-52.25622706584185,23.1591929825997,41.03761996197624,40.04517152565754,1.5696199277123595,1.937329166455929,23.1591929825997,2.7498801557506116,2.273777464788753
2020-04-02T00:00:00+08:00,4269.752,16.39005486349284,-51.565616285547,23.284618039140394,41.2241574867259,40.37128617865511,1.5786698074376189,1.9495177882782198,23.284618039140394,2.7714488451043544,2.2981526853637146
2020-04-01T00:00:00+08:00,4185.8063,16.101003639711248,-51.93054538317383,22.89479181429017,40.24874252595165,39.327218449635254,1.5497688162537777,1.9151967771463818,22.89479181429017,2.707631931871767,2.2418558171653293
2020-03-31T00:00:00+08:00,4202.2546,16.16366538208249,-52.364161495822486,22.977289038623955,40.302764452414074,39.82955095696659,1.558577855314394,1.9049540521754718,22.977289038623955,2.7069351784160713,2.2432602177330803
2020-03-30T00:00:00+08:00,4190.8586,16.166379866016786,-52.961717853134,22.84341739083295,40.46087015784495,39.57873446194447,1.559414684203814,1.9094554610183399,22.84341739083295,2.7172385682316036,2.24808338134477
2020-03-27T00:00:00+08:00,4257.797,16.482758700593894,-53.91051223479097,23.230280259443255,41.67617017957408,40.61538562454357,1.5873243928450997,1.9499537742304205,23.230280259443255,2.7825073752017335,2.294496647327514
2020-03-26T00:00:00+08:00,4263.539,16.496359913001047,-54.41178739201468,23.15389502764793,41.97836108561239,40.591401738858615,1.5879333649068759,1.9525367993709521,23.15389502764793,2.8114423153800554,2.314796265167215
2020-03-25T00:00:00+08:00,4297.5253,16.66321775752048,-54.38737844113085,23.392141833156824,42.11953910463347,41.15690408009475,1.6001280947031835,1.9757311235070611,23.392141833156824,2.8402584899406818,2.334320025503578
2020-03-24T00:00:00+08:00,4189.8604,16.278674233905583,-54.4949030458003,22.869520782392947,41.34211309503326,40.1124781332189,1.5626297679221346,1.9320064400108574,22.869520782392947,2.7802611637814305,2.2862975298575883
2020-03-23T00:00:00+08:00,4095.3356,15.926759660280824,-54.27407876870785,22.426248609031845,40.39891367043829,39.47689983970455,1.527944716527038,1.895901134454298,22.426248609031845,2.736891489956459,2.2445765642778865
2020-03-20T00:00:00+08:00,4257.0007,16.53932342880772,-53.695865356097045,23.231563811672206,42.286443267123275,41.09732214940371,1.585130078374212,1.968519535234952,23.231563811672206,2.8437775872941913,2.322748883399119
2020-03-19T00:00:00+08:00,4195.4504,16.30511439085027,-53.3129763288702,22.87305663324204,41.71229728184462,41.09205330782997,1.5617856142672886,1.9405758522625491,22.87305663324204,2.790585146129021,2.284062029089919
2020-03-18T00:00:00+08:00,4206.6217,16.395472295382454,-54.085727792941086,22.815126812220587,41.11417291110941,40.37730045197156,1.5713163656488842,1.9332000881582672,22.815126812220587,2.776050140908339,2.25984863603554
2020-03-17T00:00:00+08:00,4283.7656,16.69171809664662,-53.76609494792364,23.21362862058424,41.79232717376356,41.25114720564667,1.5990905732080347,1.97005673047363,23.21362862058424,2.814803197810648,2.306334676008189
2020-03-16T00:00:00+08:00,4296.9017,16.751497859515737,-54.38233769483077,23.28436388952309,41.551160143106465,41.32594242235734,1.6047201032643157,1.9790082199168948,23.28436388952309,2.819864052787042,2.300996541035942
2020-03-13T00:00:00+08:00,4494.55,17.41359778727633,-54.23839894466343,24.09631539010982,43.92696749678061,43.23899565456082,1.6689929696744652,2.0485755443354696,24.09631539010982,2.9353079240537086,2.3992143305546807
2020-03-12T00:00:00+08:00,4547.2386,17.623502695771858,-53.80833563406146,24.44598810503261,44.20539693091648,44.1005018205938,1.6883936791292473,2.0752669298291213,24.44598810503261,2.9800004994741265,2.4257212880557573
2020-03-11T00:00:00+08:00,4637.0447,17.937771201353712,-53.90975606141246,24.925353198782553,45.48723919380724,44.79967020168417,1.7183851471381186,2.1149267598391877,24.925353198782553,3.044146592286356,2.4837802914221103
2020-03-10T00:00:00+08:00,4698.095,18.14698085769891,-52.96177848961614,25.171445234005386,45.76989644643447,45.50664572039185,1.7388302530022057,2.130926912846801,25.171445234005386,3.07617113115049,2.513301912339532
2020-03-09T00:00:00+08:00,4592.9777,17.78511911529157,-53.098137527728596,24.74978099720448,44.85092638665626,44.45904544782895,1.7042360088396038,2.092466392703076,24.74978099720448,3.018482901260511,2.4830880014990546
2020-03-06T00:00:00+08:00,4764.2397,18.400270887186128,-52.11921585115466,25.573270270545205,46.472728291763744,46.264801293786164,1.7626161882866136,2.160716510709516,25.573270270545205,3.10761161905271,2.5492476913630098
2020-03-05T00:00:00+08:00,4812.5476,18.60588707715484,-51.47589961717916,25.745622616210575,46.392622715223716,46.19766428925126,1.7815688554110096,2.1661844711672718,25.745622616210575,3.1060854798681565,2.544579387696932
2020-03-04T00:00:00+08:00,4721.6619,18.26388247352588,-51.09655129808161,25.277316888387624,45.7810007982483,45.24282067757357,1.7489353665926566,2.123729030166101,25.277316888387624,3.0557699138367522,2.480649444193488
2020-03-03T00:00:00+08:00,4696.9859,18.179128265718607,-51.47908464846918,24.916706605050152,45.57866898032766,44.81274500271781,1.7408193687090443,2.096437027569348,24.916706605050152,3.026938280081518,2.469582008436384
2020-03-02T00:00:00+08:00,4655.5691,18.027792803706202,-51.645412117890764,24.68930990790372,44.78342592423681,44.3968262851942,1.7263334514472155,2.0743258536539835,24.68930990790372,3.0037238362887573,2.44565622780426
2020-02-28T00:00:00+08:00,4492.9979,17.44308740636583,-53.06752898651688,23.692769263405687,42.87529858630832,42.66810022901347,1.6704396991058201,1.991629402458243,23.692769263405687,2.884239562504707,2.3440770900659587
2020-02-27T00:00:00+08:00,4704.9752,18.190319651549554,-53.052982966521725,24.820973412374055,45.421291339169215,45.32344843043113,1.7427657624028552,2.0997555632271214,24.820973412374055,3.054631371529923,2.49927557216081
2020-02-26T00:00:00+08:00,4694.3945,18.19247874626297,-53.61628977890036,24.74196136521845,45.31170573778615,45.035044755389194,1.7411450685484113,2.0957721862258967,24.74196136521845,3.0562129878304893,2.4854901029662013
2020-02-25T00:00:00+08:00,4784.1224,18.484564577816954,-53.624818331617554,24.843464458359183,46.72425423444755,45.98151222068217,1.7690733323731513,2.1048250267242725,24.843464458359183,3.1165160600722794,2.5194977589423866
2020-02-24T00:00:00+08:00,4780.2597,18.512895271047764,-53.662724348619875,25.04998694920835,46.51271522209787,45.943757094394044,1.7717732571478733,2.116693284749484,25.04998694920835,3.1316057412882623,2.5193609884379957
2020-02-21T00:00:00+08:00,4751.46,18.45239655416681,-54.00220762574715,24.952873268885142,45.57385014105925,45.316762529201384,1.7659862789282084,2.1033978278488075,24.952873268885142,3.0675955329155586,2.4870726064023683
2020-02-20T00:00:00+08:00,4716.2985,18.30630376225183,-54.117572313519325,24.816053775982954,45.25808092273456,44.84543076215635,1.7572901452049445,2.0881712519868243,24.816053775982954,3.039967255680969,2.4627989320010983
2020-02-19T00:00:00+08:00,4618.0117,17.974484284582964,-54.248156835972615,24.41715701323906,44.319868703921756,44.25742431952659,1.7253051062345026,2.050009102153785,24.41715701323906,2.9903126768158326,2.4261320071331056
2020-02-18T00:00:00+08:00,4640.6236,18.044358124015098,-54.78836075570052,24.515101063420587,44.79886714877663,44.74220916650177,1.7320120409354869,2.0584698433513644,24.515101063420587,2.995900266115401,2.4345345206384343
2020-02-17T00:00:00+08:00,4612.9808,17.975087613952724,-53.83503685393858,24.292071993405553,44.03138558405623,43.57547166092714,1.725361856980569,2.030865573816505,24.292071993405553,2.946085885825121,2.3967079850698707
2020-02-14T00:00:00+08:00,4487.7806,17.5155359273182,-53.461247039334935,23.6098400885046,42.36875658367501,41.980957115896,1.6812861546556988,1.9671270575760909,23.6098400885046,2.8294725207225437,2.309273989444742
2020-02-13T00:00:00+08:00,4468.1981,17.451298566676865,-54.594244824772616,23.532376967532798,42.205747297038045,42.159504514581364,1.6752626855712953,1.9641779707437352,23.532376967532798,2.830518267484202,2.317957004455421
2020-02-12T00:00:00+08:00,4502.1905,17.57475874217272,-55.31053738472485,23.762234930143034,42.664336951682955,42.52393496826246,1.6871144239603926,1.9862359285003837,23.762234930143034,2.86231963199402,2.3331025631346543
2020-02-11T00:00:00+08:00,4442.5754,17.374041367231793,-54.67342562469421,23.49239280588686,41.802098087492034,41.67818162589438,1.667846268803488,1.9592766101910737,23.49239280588686,2.8007661549462575,2.2981109209650934
2020-02-10T00:00:00+08:00,4434.6278,17.326893133747014,-54.71858129724623,23.5492179042788,42.42738406755949,41.89140443138883,1.6636956074770042,1.9692750252367797,23.5492179042788,2.834930395947063,2.3204737521788616
2020-02-07T00:00:00+08:00,4397.2108,17.195966454838434,-53.725662007219306,23.169549514566132,41.809505937815544,41.3036633464073,1.6511230172039715,1.936599458812257,23.169549514566132,2.7837599636989934,2.277082810867582
2020-02-06T00:00:00+08:00,4376.6931,17.12957312843155,-52.74420799641803,23.004732416498943,40.965961590019724,40.56608389056306,1.6447480600498823,1.9184433568946497,23.004732416498943,2.7596563163847634,2.2565313963553497
2020-02-05T00:00:00+08:00,4273.0386,16.779373614874775,-54.02183791012293,22.51658999464561,39.83091667313627,39.734415865112894,1.6111977723998536,1.874857540227357,22.51658999464561,2.677893521347611,2.1973319694468327
2020-02-04T00:00:00+08:00,4192.9719,16.503404025563828,-53.81491023410562,22.050127371828733,38.54595960862925,38.42618138537064,1.5846984764336607,1.8294017077413307,22.050127371828733,2.5999300740707767,2.137699428479666
2020-02-03T00:00:00+08:00,4121.6017,16.217738759155598,-57.39246048028822,22.11835865617166,38.3573861597775,38.74511585499789,1.557268177099904,1.8521210061954132,22.11835865617166,2.6159194311762937,2.1772821246454885
2020-01-23T00:00:00+08:00,4488.9669,17.635327022980743,-55.050063815528695,24.32577545744242,42.02910026432989,42.39620594941838,1.6939030373103625,2.04156238310782,24.32577545744242,2.8721910096936716,2.3944048647237937
2020-01-22T00:00:00+08:00,4641.9949,18.16991968457963,-54.03025389535532,25.1566365135449,43.53490047928211,43.80591903860342,1.74533157136175,2.1162148827595226,25.1566365135449,2.979083808817838,2.4771522726116295
2020-01-21T00:00:00+08:00,4619.5325,18.076916562866693,-54.95896988436952,25.161301359346734,43.53096322840528,43.39055801346836,1.7364368570616815,2.1205425747367954,25.161301359346734,2.9687306584846143,2.4808938787627244
2020-01-20T00:00:00+08:00,4684.6292,18.333599343313555,-55.643136801602274,25.504500995009884,44.25998412839472,43.95124241547565,1.7611030499911746,2.148464456216552,25.504500995009884,3.0192464839659725,2.5174674917187914
2020-01-17T00:00:00+08:00,4637.2692,18.16879434309086,-56.35671350348142,25.30042832511102,43.749386645612525,43.1437377894626,1.7452727190134134,2.1326416464998403,25.30042832511102,2.981099918579693,2.499950284603707
2020-01-16T00:00:00+08:00,4641.216,18.16138727910205,-56.89185940980529,25.352223706204683,43.7526393442988,43.297528172621874,1.7445611713657478,2.140865541736005,25.352223706204683,2.9896997839368527,2.5056062807227195
2020-01-15T00:00:00+08:00,4654.9235,18.222018473556275,-57.216105178454576,25.482104682480685,43.53421984986747,43.39998566696942,1.7503956018630673,2.1543707370127896,25.482104682480685,3.0099158145870173,2.516918272960746
2020-01-14T00:00:00+08:00,4672.6528,18.300810500777605,-57.88970686204991,25.63665961134238,43.73741255055905,43.56402093731173,1.758049790778144,2.171058228305119,25.63665961134238,3.0171886195600206,2.534761805448613
2020-01-13T00:00:00+08:00,4685.4576,18.340689853032288,-59.22499061680645,25.61428415703107,43.545800985881264,43.65000133226946,1.762083181736646,2.169121856114554,25.61428415703107,3.0224222786526327,2.5287954460338016
2020-01-10T00:00:00+08:00,4633.4242,18.16176172649828,-60.96237944291346,25.392081042151375,42.94988426955106,43.23588266232441,1.7448926482817517,2.1526027327095263,25.392081042151375,2.9850945475397785,2.5089265779577836
2020-01-09T00:00:00+08:00,4639.8593,18.18229038127615,-60.0114727734473,25.42919381523226,42.84620877531827,43.151595439947826,1.7468649403611007,2.162259718627505,25.42919381523226,2.9926119417347454,2.5106321682139163
2020-01-08T00:00:00+08:00,4575.36,17.961626156408066,-59.34329527458076,25.08281504028161,41.94753813666824,42.54685844548885,1.7263390517350514,2.1345729004212246,25.08281504028161,2.9439192418034477,2.471818372956486
2020-01-07T00:00:00+08:00,4633.3173,18.180328922891505,-59.80658477059757,25.46431824493523,42.65421751648928,42.89853270979975,1.7475451406525249,2.165944439998612,25.46431824493523,2.98385983688852,2.509626938339297
2020-01-06T00:00:00+08:00,4585.9507,18.01936206912663,-59.53397241707851,25.13619562454306,42.23213379056433,42.37464866447575,1.7321187371547957,2.1377021763316755,25.13619562454306,2.943161386402551,2.4839922319481595
2020-01-03T00:00:00+08:00,4576.5448,17.998589975359348,-59.200453480222095,25.037220656234485,41.9438225478154,41.84681872700732,1.7303310230311977,2.124515913910975,25.037220656234485,2.9168928538580507,2.4677976562502315
2020-01-02T00:00:00+08:00,4571.7222,17.982786998782846,-57.40457578411865,24.97324503097641,41.68728040880312,41.748442715174754,1.728811771764071,2.114850838924198,24.97324503097641,2.8982766920507776,2.452385088596558
2019-12-31T00:00:00+08:00,4500.1258,17.600495889161937,-49.908917973014276,24.033905298303026,39.80642644673353,40.49591943645554,1.6801305024941617,2.02777720321213,24.033905298303026,2.695181652430419,2.309002164258022
2019-12-30T00:00:00+08:00,4480.3495,17.532628833936194,-50.56466404066211,23.88448313921556,39.44326821492499,40.06754224567325,1.6736549934882423,2.0167828908066348,23.88448313921556,2.669911863733185,2.2973473726205436
2019-12-27T00:00:00+08:00,4428.6846,17.33826097109398,-51.919724977320136,23.656673220313323,39.317992540062484,39.84730813915526,1.6551725373124029,2.003889962379033,23.656673220313323,2.660594632247397,2.279323846613768
2019-12-26T00:00:00+08:00,4446.553,17.38377202277373,-52.133467378186275,23.75538590780313,39.61657223951269,40.28414929345711,1.6595389562246063,2.0133387822672155,23.75538590780313,2.683047886920953,2.2966220464585283
2019-12-25T00:00:00+08:00,4410.823,17.244943449625826,-50.5781910136045,23.536128509967792,39.274908250450366,40.04966640075976,1.6464152240005303,1.9969017364969353,23.536128509967792,2.663772675008719,2.2819871751107925
2019-12-24T00:00:00+08:00,4402.063,17.22463306373026,-52.27228289416961,23.52176184085494,39.07974615124277,39.688480254621595,1.6444881447691297,1.9956582016036855,23.52176184085494,2.656701070319953,2.272542472978441
2019-12-23T00:00:00+08:00,4353.553,17.06832322942161,-52.67451292967443,23.233588781051132,38.441575524104394,39.00486611918171,1.629625733829176,1.9650727123653207,23.233588781051132,2.6124519263918753,2.227445383281853
2019-12-20T00:00:00+08:00,4426.5828,17.333839563194946,-52.759616540439744,23.665969022125722,39.329078274446374,39.96008134832472,1.6549942300123848,2.0068575803062023,23.665969022125722,2.665266022820574,2.279985217208136
2019-12-19T00:00:00+08:00,4454.7795,17.40518967959448,-53.149179539452255,23.82244235409512,39.63058234354918,40.50296187641217,1.6634073163156946,2.023463755408963,23.82244235409512,2.6933644143228097,2.2936360959156197
2019-12-18T00:00:00+08:00,4450.0019,17.38600295055796,-52.535119076229655,23.677033494403073,39.43990972700303,40.35123291532669,1.6615613209889926,2.006512325652022,23.677033494403073,2.6872934843639924,2.274066640212519
2019-12-17T00:00:00+08:00,4454.7921,17.388254635457354,-52.77198725377506,23.67021391642168,39.313451577229884,40.11119632104119,1.6631329886242094,2.0040791741432744,23.67021391642168,2.673512612806345,2.2766373697427564
2019-12-16T00:00:00+08:00,4396.9993,17.170173816176423,-53.36196726143482,23.37216840743428,38.9345602448974,39.648363566365596,1.642232843519955,1.9760432902097016,23.37216840743428,2.635598376772415,2.252448203723883
2019-12-13T00:00:00+08:00,4350.4704,17.028359424007085,-54.40252719067846,23.05511209745784,38.32265470956788,39.02501174324995,1.628669075616517,1.9470781218369881,23.05511209745784,2.593925329118478,2.2127859092447437
2019-12-12T00:00:00+08:00,4280.6118,16.74581295382791,-55.54020182781006,22.773115279545973,37.84273195116401,38.653374416057034,1.601631935745635,1.924642580678249,22.773115279545973,2.566047326382441,2.192646646513271
2019-12-11T00:00:00+08:00,4290.4536,16.779112830902413,-56.738282700995775,22.852456763846675,37.83610724619594,38.60571499957398,1.6050406286093655,1.9322069543730855,22.852456763846675,2.5626148063269523,2.192284321785264
2019-12-10T00:00:00+08:00,4296.0324,16.774065266964243,-56.52031442911697,22.865570416695586,38.03445138649375,38.62688241984304,1.6046450568923227,1.9355122143890944,22.865570416695586,2.5745895218192203,2.2046436085194068
2019-12-09T00:00:00+08:00,4282.4584,16.74654144403435,-56.44123572314871,22.837469786262293,37.693208509906626,38.534024560347504,1.6020182115230075,1.9305637489646403,22.837469786262293,2.5671882681317753,2.1940645370322818
2019-12-06T00:00:00+08:00,4280.5132,16.742351488118857,-57.16341738536122,22.743152228092132,37.796029952977136,38.44164286281713,1.601610648660545,1.924853237052026,22.743152228092132,2.560079101465029,2.1797002033971182
2019-12-05T00:00:00+08:00,4252.4572,16.651351064674046,-56.561426320288646,22.634465932996015,37.31408263278039,38.12486038898865,1.5930949426166399,1.9152381447686713,22.634465932996015,2.5361053778078446,2.170347053553492
2019-12-04T00:00:00+08:00,4214.5169,16.510175058920463,-58.35000673925751,22.454575747959574,36.81132409429079,37.5938878673028,1.5797182219677202,1.9000743043192476,22.454575747959574,2.514245945850127,2.1504202800751857
2019-12-03T00:00:00+08:00,4213.9919,16.521597488275138,-58.90398530750888,22.46840288373214,36.75478343594299,37.59816069294676,1.5811382457756984,1.8982541961275845,22.46840288373214,2.508538028709323,2.151286990239156
2019-12-02T00:00:00+08:00,4194.2022,16.45751472353028,-57.7695709834886,22.35999338989588,36.68908882144286,37.34199051622495,1.5754211329135899,1.8862956022502748,22.35999338989588,2.4924124263786234,2.1367305345983585
2019-11-29T00:00:00+08:00,4186.1794,16.4306728071186,-59.4018754557374,22.32191127928373,36.60695904875891,37.2547471933708,1.5728132521116263,1.883768278616556,22.32191127928373,2.4860652577085176,2.14239502114111
2019-11-28T00:00:00+08:00,4205.7816,16.507233302750713,-59.182169560661926,22.316215140663708,36.54216681916777,37.13000746011929,1.5808240369221236,1.8808275943021493,22.316215140663708,2.4818921181132056,2.138443485819818
2019-11-27T00:00:00+08:00,4219.4443,16.572018066251285,-59.70196463401924,22.412647235051384,36.80748132239486,37.36701869746779,1.5870541935201616,1.888300519874082,22.412647235051384,2.4871533018405896,2.1459166613395237
2019-11-26T00:00:00+08:00,4226.8877,16.600677325789174,-59.88366868795279,22.456090329887477,36.821936626850196,37.19531551454368,1.5897988078363514,1.8938201445872425,22.456090329887477,2.4992557007865903,2.1513705969768466
2019-11-25T00:00:00+08:00,4222.5308,16.574809958277303,-58.788473644148944,22.522260869255355,36.748096521178866,37.48573706824998,1.587321564936849,1.8987375966883877,22.522260869255355,2.4921663559634113,2.1537959156732116
2019-11-22T00:00:00+08:00,4212.9317,16.50771079036037,-59.585823722586866,22.376319098844824,37.032558617609695,37.69591788840054,1.580895671880339,1.8908647516907557,22.376319098844824,2.512575076050817,2.161320859208432
2019-11-21T00:00:00+08:00,4257.1086,16.65703238869049,-59.05163753705991,22.498382605046487,37.52872152456561,38.143271385745166,1.5951957690601484,1.900786537268542,22.498382605046487,2.536989067850466,2.1735142882263068
2019-11-20T00:00:00+08:00,4269.601,16.70015403367739,-57.84564458297437,22.490737349372772,37.537484896048845,38.04284519877022,1.5993254041615799,1.8982123305405818,22.490737349372772,2.5411104841071026,2.174325996646176
2019-11-19T00:00:00+08:00,4304.1175,16.83036118466403,-55.65630411403904,22.637665911566504,37.717130276028705,38.19965647936213,1.6118278770246972,1.9098291645951684,22.637665911566504,2.5550813947500592,2.191724358261421
2019-11-18T00:00:00+08:00,4246.9159,16.64074797485656,-54.42711220886259,22.295466028721034,37.198315194021305,37.67644639367107,1.5934636379362168,1.8791112409839417,22.295466028721034,2.5103179969632077,2.153745566171701
2019-11-15T00:00:00+08:00,4216.2924,16.532166845666165,-54.33554147241959,22.11135557871788,36.857973439695435,37.44595694129506,1.5832509488609756,1.8661024182564792,22.11135557871788,2.4901636665678093,2.140734246848193
2019-11-14T00:00:00+08:00,4254.6629,16.65825416851118,-53.618294670886016,22.38151691184991,37.27032896713479,37.90359703797999,1.5953520412834121,1.891446990885731,22.38151691184991,2.5221826231695834,2.1670721984208496
2019-11-13T00:00:00+08:00,4237.7753,16.616585572424526,-53.05833797097962,22.297031666598187,36.90123452260458,37.517189940452155,1.5913614622496308,1.884292166427549,22.297031666598187,2.5136203070303913,2.1574776180931656
2019-11-12T00:00:00+08:00,4244.0504,16.65741862132782,-53.25549623721155,22.40575253137751,37.05659867195612,37.65339279585097,1.5952720213791005,1.8944567017373635,22.40575253137751,2.5271048508245313,2.1649022547915693
2019-11-11T00:00:00+08:00,4239.607,16.630064456649844,-53.49838831424656,22.367063298914402,36.93451397894449,37.50848320424303,1.5926379035094593,1.8883286189401736,22.367063298914402,2.5114870620607865,2.1621562526601186
2019-11-08T00:00:00+08:00,4329.0099,16.956956004040066,-53.757883290588246,22.92545039453452,37.87279922119438,38.65736518668668,1.6241137866337005,1.9388063151404193,22.92545039453452,2.583135718751582,2.2215914112084283
2019-11-07T00:00:00+08:00,4346.0541,17.032490499128695,-52.698386507671245,22.989406432829593,38.085932981096754,38.66542395182245,1.6313483760736112,1.9446944371832677,22.989406432829593,2.5787513844245007,2.2303231863022503
2019-11-06T00:00:00+08:00,4328.7543,16.998168079648448,-53.79120805700718,22.861900819267223,37.720095471126086,38.5699682295975,1.6277400562320123,1.93378083561864,22.861900819267223,2.5658105373201527,2.215904633598674
2019-11-05T00:00:00+08:00,4358.0046,17.085104667455166,-53.662901236875676,23.017509323970344,38.10265210438875,38.92719658766323,1.636068020610866,1.9500003179754464,23.017509323970344,2.5926292568688134,2.233947874288723
2019-11-04T00:00:00+08:00,4336.1881,16.992534048284753,-55.20373272368647,22.952112795272747,38.18136852568053,39.013334284648124,1.6272034668009405,1.9477247232679296,22.952112795272747,2.5923999749858653,2.2198261261157652
2019-11-01T00:00:00+08:00,4311.0529,16.89026398232857,-56.033925610053316,22.880938514766523,37.9037405282707,38.87948671540326,1.6174129904129224,1.9457921209241538,22.880938514766523,2.5755877465069124,2.2198353329642133
2019-10-31T00:00:00+08:00,4253.9246,16.706412504891993,-56.4638118802639,22.677604843997347,37.50903462465923,38.43783115281199,1.599884318418528,1.92879726964295,22.677604843997347,2.560367094518493,2.196437728531993
2019-10-30T00:00:00+08:00,4275.8767,16.824768966690907,-59.669201527771854,22.90686350099328,38.530200694245366,38.924225950052396,1.6345233712194172,1.9538389314318556,22.90686350099328,2.611081610524108,2.2221228420575603
2019-10-29T00:00:00+08:00,4309.4696,16.965062785925916,-63.87733034506589,23.142066973177432,39.06980398012584,38.85261234374362,1.6536731963202138,1.9897350855904121,23.142066973177432,2.6433602008744392,2.2742581743336725
2019-10-28T00:00:00+08:00,4346.5578,17.12501346390594,-65.15855172596929,23.501260208095985,39.5779810786721,39.528946336157034,1.6691487006380412,2.0247103349343862,23.501260208095985,2.6963016829384645,2.309501768913517
2019-10-25T00:00:00+08:00,4289.7415,16.99099371123221,-66.21275813037687,23.27564857685114,38.94922084200495,38.808609140404094,1.6718192437661452,1.9998743161943313,23.27564857685114,2.65034410804456,2.279333453439564
2019-10-24T00:00:00+08:00,4259.9419,16.923533390527233,-67.02200756707828,23.23490565935008,38.58157239630675,38.52298318722003,1.6644974748617742,1.9925962297723885,23.23490565935008,2.6471091937422018,2.267023177906655
2019-10-23T00:00:00+08:00,4263.3019,16.93457661182587,-67.03356774351094,23.236627070899726,38.773917745176526,38.66246905331747,1.665951986373827,1.9947729198475048,23.236627070899726,2.6513011812855747,2.272636934155977
2019-10-22T00:00:00+08:00,4292.534,17.058601125638152,-67.13582052468891,23.38814914863925,39.12122685661454,39.286897792909926,1.6757506183069468,2.007344281287221,23.38814914863925,2.6724142136109523,2.278283368456462
2019-10-21T00:00:00+08:00,4260.578,17.02684983991843,-68.64636378145099,23.229588168451336,38.642231761339524,38.834835730668345,1.669006309090461,1.9905810262358226,23.229588168451336,2.6518223318806564,2.256286075887215
2019-10-18T00:00:00+08:00,4261.8293,17.00598004519607,-67.31281934607345,23.308455982805306,38.753159216095085,39.02799518562106,1.6671534955308571,1.9983861465292374,23.308455982805306,2.660678299394995,2.262943224087981
2019-10-17T00:00:00+08:00,4320.6716,17.232682716018655,-65.06284398814249,23.637841900882318,39.252131905247055,39.64094134286545,1.689593169613939,2.02704380549341,23.637841900882318,2.6915040255724865,2.298591077645586
2019-10-16T00:00:00+08:00,4321.7002,17.23038594472355,-66.10262035429275,23.69479129889309,39.246025891166354,39.545283750273,1.6894179478470397,2.032447235081763,23.69479129889309,2.694866053664888,2.3033406548749413
2019-10-15T00:00:00+08:00,4340.1385,17.308048259530246,-67.8911659021934,23.832319405620595,39.45487730311461,39.631125559665136,1.6968320738638594,2.04737882473993,23.832319405620595,2.7114981987012587,2.319389835877714
2019-10-14T00:00:00+08:00,4376.8539,17.42357447036437,-69.18945330166571,24.05130103061921,39.94358402168122,40.23595018724026,1.708610805342987,2.0671473934081526,24.05130103061921,2.7514943451345735,2.3526361132596714
2019-10-11T00:00:00+08:00,4322.1604,17.213830260785084,-68.77326117872077,23.71213765039411,39.2821682013275,39.71257054956851,1.6878482876591103,2.036225571730166,23.71213765039411,2.7064170578056683,2.3165051968464345
2019-10-10T00:00:00+08:00,4296.6821,17.089997608404406,-68.89834203402587,23.633047762276618,39.28572713011223,39.53962739224467,1.6756314793020952,2.0296979112528795,23.633047762276618,2.697122613006902,2.31348142514415
2019-10-09T00:00:00+08:00,4250.4762,16.931360032133487,-70.52645904838462,23.393716574066307,38.70771184354675,39.01131232465013,1.6600823494746102,2.0082041590337703,23.393716574066307,2.66152936578228,2.2858311033016045
2019-10-08T00:00:00+08:00,4229.6871,16.85001104351383,-70.53060970070956,23.190903257109166,38.36455427834927,38.383943857808205,1.652104942235224,1.990527544838087,23.190903257109166,2.6430359367739498,2.268183194519213
2019-09-30T00:00:00+08:00,4214.3958,16.793186141128913,-71.40396239304508,23.107501410920882,38.283070456942184,38.82641369884443,1.6445418967015843,1.9853833766449493,23.107501410920882,2.6355252442561024,2.254525778834953
2019-09-27T00:00:00+08:00,4259.7785,16.95585078258971,-72.61380915931694,23.29661376932484,38.711097241415374,39.29799689753539,1.6604797288373956,2.005414908440986,23.29661376932484,2.670433197432287,2.2829004243677535
2019-09-26T00:00:00+08:00,4236.9953,16.891901428885696,-73.0615758964645,23.140539580755277,38.3665835777522,38.74163981408483,1.654209173004693,1.9889372608643625,23.140539580755277,2.650816027867458,2.261539930117856
2019-09-25T00:00:00+08:00,4311.006,17.12000810237708,-75.63263613808721,23.60120589963498,39.775503713999804,40.11400672105046,1.6765145696732884,2.036570748458031,23.60120589963498,2.731959885753275,2.328166482670298
2019-09-24T00:00:00+08:00,4366.9475,17.31479686331651,-77.56613969618185,23.97601470035843,40.66003584442078,40.57183519133112,1.6976755999862867,2.074290538594756,23.97601470035843,2.789775738389546,2.3710022418252734
2019-09-23T00:00:00+08:00,4354.3979,17.275843191696577,-77.60381224785726,23.952487276545284,40.318110699218984,40.564146809022354,1.693155284197403,2.07148821444106,23.952487276545284,2.7895570303019808,2.362148603787394
2019-09-20T00:00:00+08:00,4398.2368,17.444505215978506,-77.26587796695463,24.215966938251462,40.596952847922,40.79518834793497,1.709681182560959,2.0924774998673676,24.215966938251462,2.8171843313877005,2.3821028042625385
2019-09-19T00:00:00+08:00,4388.8838,17.40408697242872,-77.3161103061446,24.197018808190585,40.47513129379744,40.85170765911105,1.7057045397702015,2.0909386229357896,24.197018808190585,2.8066180124551074,2.381318821854529
2019-09-18T00:00:00+08:00,4358.2475,17.28577155471632,-78.1144861721182,23.98927876307393,39.857308757859414,40.42816702567769,1.6957789349465795,2.072704673647754,23.98927876307393,2.7664140318269363,2.352970264623316
2019-09-17T00:00:00+08:00,4346.2085,17.244192915714592,-80.53813152371353,23.95192590604845,39.63983880711255,40.2765544588062,1.6916950864585802,2.0712245931582594,23.95192590604845,2.7654125875385316,2.3546056723834026
2019-09-16T00:00:00+08:00,4433.1228,17.561756720322855,-80.31077601424087,24.478165416010924,40.67514054410792,41.2279030562093,1.7221426417416543,2.12074974872062,24.478165416010924,2.829485605940562,2.415123075294679
2019-09-12T00:00:00+08:00,4433.9333,17.55178248986247,-78.53671223537553,24.44109825221261,40.53727653050299,40.998330943933944,1.7211645510129125,2.115297215647163,24.44109825221261,2.8138656321273827,2.405373489408045
2019-09-11T00:00:00+08:00,4398.0238,17.43362996999386,-78.68165919959615,24.283215824551107,40.35466534731557,40.66202161468286,1.7092893593661296,2.1009271992549876,24.283215824551107,2.795027238393889,2.388545742886039
2019-09-10T00:00:00+08:00,4429.0868,17.518488095096913,-79.10749610388488,24.374524620365577,40.53617558299364,40.9940994295943,1.7176322464482676,2.1094540443995298,24.374524620365577,2.80493874216317,2.404430199188009
2019-09-09T00:00:00+08:00,4436.6134,17.544912183869556,-79.6699814530481,24.341486365026626,40.465452240059335,40.981072992830754,1.72026959030904,2.104545221907365,24.341486365026626,2.8003029388107774,2.4039837409460936
2019-09-06T00:00:00+08:00,4376.6621,17.348410695315742,-81.8318903666744,23.936787454892734,39.61594881881705,39.850917455419285,1.7010217647106731,2.066600940135291,23.936787454892734,2.7437413692362687,2.3467159231941066
2019-09-05T00:00:00+08:00,4355.5534,17.271632225242463,-86.11844854759023,23.847846833108147,39.242970590999455,39.74191593584497,1.693493591038289,2.0583660754546234,23.847846833108147,2.719338554812936,2.3256524559886036
2019-09-04T00:00:00+08:00,4314.0952,17.10953159729902,-87.55912619368672,23.68227866030913,38.903069569931816,39.43451798422582,1.6776066949800603,2.041468379917218,23.68227866030913,2.7030103412238593,2.3057697298994975
2019-09-03T00:00:00+08:00,4278.9177,16.95972559044481,-90.55304943028376,23.447784367916444,38.664372686943075,39.34099109638072,1.6622758046905328,2.023367927672287,23.447784367916444,2.68520945732342,2.2858039880470327
2019-09-02T00:00:00+08:00,4261.5693,16.901328632780917,-91.90286758628719,23.3374005569791,38.37187910454143,39.05490286880408,1.6569261768579195,2.0144824663693686,23.3374005569791,2.6641252545828924,2.277340670413088
2019-08-30T00:00:00+08:00,4184.7843,16.55941209543748,-114.15781927486346,22.843357329053383,37.449237701667634,37.7952821758048,1.6379677266698527,1.9651466400151716,22.843357329053383,2.597336931952054,2.2222558168971407
2019-08-29T00:00:00+08:00,4204.1281,16.604331959123975,-130.05044485498468,23.147749899782877,38.0410149839016,37.83227692571815,1.6461181211732052,1.9950436680333756,23.147749899782877,2.6442788671552053,2.258827984609199
2019-08-28T00:00:00+08:00,4210.1121,16.63127992345889,-140.45650937266817,23.138053575254776,38.428489855241445,38.278174017745094,1.649629323209565,1.99809651207004,23.138053575254776,2.6515570327527738,2.265629594445962
2019-08-27T00:00:00+08:00,4221.4345,16.688839811182145,-147.9889993258597,23.19010222961302,38.47243981271692,38.445105341804556,1.656272727684637,1.999189807431147,23.19010222961302,2.6730536009137773,2.278435920533107
2019-08-26T00:00:00+08:00,4156.7432,16.461384168538295,-147.60430612438034,22.846098426121653,37.61854898093696,37.27452733966425,1.6335406206083736,1.9639699853722632,22.846098426121653,2.621962725982125,2.2423350942123648
2019-08-23T00:00:00+08:00,4201.7242,16.697734706637625,-151.8022777685414,23.08967178518386,37.81118730046381,37.57560606836105,1.6547594646696357,1.9834033466327088,23.08967178518386,2.6421065990876627,2.2649686182970017
2019-08-22T00:00:00+08:00,4187.4966,16.672221233727615,-159.91185792217698,23.15303272105125,38.00024661660717,37.73241085303066,1.650665324533559,1.9899855767215797,23.15303272105125,2.6564892233796487,2.2768194899144296
2019-08-21T00:00:00+08:00,4174.076,16.634377295870816,-151.84918733018083,23.11617219289898,38.01035561186523,37.606966626633856,1.6478239141775206,1.9830775206202913,23.11617219289898,2.6507699731310623,2.257688642455943
2019-08-20T00:00:00+08:00,4175.6129,16.65917790714369,-151.6756787032137,23.108249867532354,37.96580003937343,37.444735197743476,1.6486461936974959,1.982316166514032,23.108249867532354,2.6483329423499313,2.2601514809787426
2019-08-19T00:00:00+08:00,4174.705,16.653082413087386,-153.28313970806576,23.07635592661609,38.10884695163682,37.423072354008774,1.649781720782933,1.9791440992376401,23.07635592661609,2.640723763967868,2.264930772755418
2019-08-16T00:00:00+08:00,4068.2487,16.29878739888744,-150.48044784368716,22.485450018185183,36.92616906079305,36.45533027275373,1.6127221898242177,1.9235695486807212,22.485450018185183,2.5583744562313195,2.1956414116203944
2019-08-15T00:00:00+08:00,4049.17,16.32800109423565,-155.48438681426964,22.355323180991043,36.859533126399874,36.143753265126776,1.609490034864405,1.9182083122980191,22.355323180991043,2.5491660421065827,2.1919866397663545
2019-08-14T00:00:00+08:00,4033.8761,16.279384765401176,-160.75291431680375,22.327013462158604,36.87670448595644,36.38466093468611,1.6036622915226968,1.91617686833769,22.327013462158604,2.544040386611992,2.1893111100570306
2019-08-13T00:00:00+08:00,4012.5578,16.200175692937627,-166.70182288851603,22.200847778815813,36.49699724603619,36.13083068836054,1.5962214344267898,1.90633994497938,22.200847778815813,2.529479299867124,2.18027288619878
2019-08-12T00:00:00+08:00,4042.2314,16.342101722371538,-163.2961281051462,22.369091484762897,36.596748384677774,36.12398527275401,1.6081839956938013,1.919320005459716,22.369091484762897,2.5455094979001562,2.1875673490208616
2019-08-09T00:00:00+08:00,3971.5278,16.112871222860928,-166.76136792060177,22.100848443529166,36.240632261278186,35.304376387602204,1.5900561298536133,1.9038219183677003,22.100848443529166,2.530380510871014,2.1593361798912505
2019-08-08T00:00:00+08:00,4013.8661,16.252160753004464,-161.54790136631576,22.353199139504458,36.48579513964472,35.58703244904028,1.6035073172790717,1.9266235871053776,22.353199139504458,2.5611426420410464,2.191301204418637
2019-08-07T00:00:00+08:00,3972.8097,16.101913003747974,-154.54968737361895,22.248049753892126,36.246674785562675,35.55270416478119,1.5884172259752471,1.9168634754200746,22.248049753892126,2.5471297634901275,2.178887376542156
2019-08-06T00:00:00+08:00,3988.3511,16.158698005735605,-148.95927178751808,22.3085039826073,36.26607721362162,35.804087918301015,1.594003727633431,1.9223379421065274,22.3085039826073,2.555999604621307,2.193762747933729
2019-08-05T00:00:00+08:00,4059.7521,16.423122967282122,-156.0329762520248,22.94480592075495,37.460520998331596,36.48313274401382,1.6199698360015884,1.9847422799113459,22.94480592075495,2.6319032441433636,2.2524494543343123
2019-08-02T00:00:00+08:00,4124.285,16.693679090632287,-154.36027221257314,23.28272644295691,38.07190879058401,36.9030107155271,1.6462373625180529,2.009544534892147,23.28272644295691,2.6634257222703255,2.2754911735581342
2019-08-01T00:00:00+08:00,4186.1292,16.944887944616447,-157.07409151132433,23.695810028400473,38.428836827051526,37.28835769302583,1.6706159055714647,2.046268728195544,23.695810028400473,2.7086907541021077,2.3216087646381505
2019-07-31T00:00:00+08:00,4214.7186,17.06848976884482,-155.251937972017,23.8289486923741,38.632918430011856,37.03359168327179,1.6824704129684314,2.05599641890646,23.8289486923741,2.714362438457574,2.3321306886667377
2019-07-30T00:00:00+08:00,4247.247,17.19091915796436,-158.7246385926668,24.02485935016579,38.93036136493154,37.59107151392658,1.6942218304015895,2.0717693875742818,24.02485935016579,2.7296960576997598,2.347427215665466
2019-07-29T00:00:00+08:00,4228.4597,17.11731675151716,-159.95799358815137,23.91911565052061,39.040073445298574,37.35233289703588,1.6869353363659876,2.060940045866581,23.91911565052061,2.720029719739977,2.335710643682239
2019-07-26T00:00:00+08:00,4231.3895,17.138843516264643,-165.48823170247377,23.959639111616422,38.975481990013265,37.34535363374959,1.688262828964272,2.0652546690254447,23.959639111616422,2.7148015541646435,2.3400579373024737
2019-07-25T00:00:00+08:00,4224.5299,17.11633802935134,-166.79343629733728,23.944453905877786,38.84321857335704,37.311011833084734,1.68577872485428,2.0641812174573357,23.944453905877786,2.718879617414358,2.339806256866542
2019-07-24T00:00:00+08:00,4199.8162,17.029404670808987,-163.94074472361402,23.898668783856394,38.78001729427471,37.10946081787744,1.6768098732643482,2.0605405004161694,23.898668783856394,2.699094741352279,2.334247482879601
2019-07-23T00:00:00+08:00,4159.7263,16.874306904330158,-160.198110365774,23.66149941862586,38.282264073293376,36.427632984001924,1.6613946005226001,2.0380656684042484,23.66149941862586,2.664365106621886,2.3044446391497697
2019-07-22T00:00:00+08:00,4133.4469,16.776712383502694,-158.0030581531023,23.44116190099319,37.75025346412347,35.99340968770031,1.6509386120159684,2.015748380725705,23.44116190099319,2.6270177847671867,2.2784083752221367
2019-07-19T00:00:00+08:00,4199.3162,17.00740488893425,-168.4683800364457,24.013486298929347,38.91793798000639,36.94271486004254,1.672879711730823,2.0733649281228272,24.013486298929347,2.709489815030569,2.3427613265208693
2019-07-18T00:00:00+08:00,4165.0736,16.873252407597743,-171.58062034403815,23.887645290638975,38.612814334509885,36.796727408083804,1.6590774910276582,2.061348782479164,23.887645290638975,2.6998773111729912,2.329707582146926
2019-07-17T00:00:00+08:00,4221.5603,17.07524484808956,-169.77167877331485,24.30259828718636,39.32554216286685,37.59311610499437,1.677599016604553,2.097942081930609,24.30259828718636,2.7538685868828807,2.389756327527216
2019-07-16T00:00:00+08:00,4222.117,17.089282379223807,-175.43133837788565,24.31331185636565,39.252888663648484,37.52025051673341,1.6786736649777667,2.0982001184694035,24.31331185636565,2.7425168633829142,2.386260244990845
2019-07-15T00:00:00+08:00,4228.4917,17.106812524519437,-168.5914445094776,24.251785056797765,39.18607084287954,37.38860310091624,1.6800859196444224,2.09164179888202,24.251785056797765,2.733563999639954,2.376860287165965
2019-07-12T00:00:00+08:00,4198.0805,17.011112828405903,-175.49088771221244,24.090138222804068,38.79263369291827,37.03025683838388,1.6706226838951677,2.0750003719639047,24.090138222804068,2.7137795546974663,2.3627280423718995
2019-07-11T00:00:00+08:00,4178.8775,16.897328560285285,-185.66012205936917,23.983733063908943,38.79698536306525,37.11514375321089,1.6581461294726692,2.066532480035675,23.983733063908943,2.7074700129738885,2.361074423963056
2019-07-10T00:00:00+08:00,4180.3038,16.889037483154638,-180.99620135574716,23.97874439621272,38.76310783817906,37.218288461723105,1.6560564387263963,2.064961223124236,23.97874439621272,2.708872249598095,2.3468010734244835
2019-07-09T00:00:00+08:00,4198.8071,16.990193741283875,-175.9166833720789,24.168029140410656,38.91377751178988,37.274281888556004,1.6617979690582074,2.079054871697398,24.168029140410656,2.7270194532526686,2.371696790259859
2019-07-08T00:00:00+08:00,4198.2378,17.003976999798976,-182.54315125407115,24.110136277751288,38.75454707194066,37.24385700302696,1.6619741775756058,2.072310330407053,24.110136277751288,2.7142082597058406,2.3559517974310986
2019-07-05T00:00:00+08:00,4319.9519,17.4617235582004,-204.60963238844627,24.919882770078573,40.21439581002021,38.67901205008203,1.7056506035470962,2.147171141834965,24.919882770078573,2.8085981965245024,2.4438829686816206
2019-07-04T00:00:00+08:00,4300.9614,17.405610567155627,-195.68883579988483,24.866881462277032,40.06172901857658,38.27706778387612,1.6987529769116716,2.144149364935886,24.866881462277032,2.7850187087567098,2.432449170957213
2019-07-03T00:00:00+08:00,4320.9568,17.4739167177472,-195.5606488945442,24.895845310800734,40.19401087090754,38.45567004366598,1.7051394024317323,2.1473190791344265,24.895845310800734,2.808286204226001,2.4417364500974887
2019-07-02T00:00:00+08:00,4366.2241,17.642064478815865,-217.89714898599726,25.08377446842113,40.565482740229605,38.86830404340051,1.7167125895471622,2.1650707110785317,25.08377446842113,2.8270557286889,2.4634838336556086
2019-07-01T00:00:00+08:00,4367.708,17.63208796366435,-208.15952996078377,25.074158567667805,40.61853432298677,38.962556559399644,1.7165514124004941,2.1641381465558873,25.074158567667805,2.8187235777652373,2.459453496933752
2019-06-28T00:00:00+08:00,4244.0837,17.19300797491023,-212.17324632199885,24.441232574609025,39.51307389464942,37.653026447154154,1.6736870594979034,2.107022205224095,24.441232574609025,2.7469671947844576,2.3885527040007357
2019-06-27T00:00:00+08:00,4275.7964,17.311491975265206,-213.11564518989115,24.71578031269061,40.112815588093696,38.205761671672875,1.682289476870057,2.1344559170941255,24.71578031269061,2.7926579765306965,2.4142322745446165
2019-06-26T00:00:00+08:00,4235.8008,17.167728475977036,-223.2641908859725,24.567599871952535,39.89259744904363,37.893107669703554,1.6673664452907586,2.122860902882131,24.567599871952535,2.7655419848452714,2.3998263174149486
2019-06-25T00:00:00+08:00,4242.4985,17.189736580243235,-205.29524763634146,24.582136008176047,39.90277496965995,37.872222110795356,1.6686894525344875,2.1241936181844645,24.582136008176047,2.7654335311296907,2.3972028386762143
2019-06-24T00:00:00+08:00,4286.1366,17.351899205535457,-175.38344269892428,24.822832517191706,40.23978447161569,38.420023137619594,1.6841088032052565,2.1452369790427257,24.822832517191706,2.79764707910376,2.4240493434831243
2019-06-21T00:00:00+08:00,4282.0683,17.32888139795556,-184.64348449895093,24.814018515908376,40.37640464776731,38.47718268130739,1.6815964388378712,2.1461418537067494,24.814018515908376,2.8072127182844344,2.426852196619707
2019-06-20T00:00:00+08:00,4246.828,17.206315319933513,-166.14058344570734,24.493348706010956,39.62023310165886,37.73757397781439,1.669274928292864,2.107001776014033,24.493348706010956,2.7453238421108352,2.383853932432686
2019-06-19T00:00:00+08:00,4146.928,16.823460275731463,-201.63203238634057,24.090809540330763,38.83496128156043,37.17534916780605,1.6316973240676977,2.0717225763783804,24.090809540330763,2.7100198948767096,2.338142082730061
2019-06-18T00:00:00+08:00,4091.9298,16.633790735057996,-231.76808632452673,23.79513250977377,38.32124910179465,36.554453976123085,1.6089814898338344,2.04352710467136,23.79513250977377,2.6619764164786535,2.304538168191222
2019-06-17T00:00:00+08:00,4086.0354,16.60944600977369,-255.6572706098681,23.82057218854424,38.45224722115175,36.635978005480425,1.606301914173603,2.044257114445656,23.82057218854424,2.6759851027716195,2.3140434780905856
2019-06-14T00:00:00+08:00,4086.1272,16.596067036321863,-352.43634656062943,23.779171055545703,38.363699711467554,36.55974658665042,1.6048593872664199,2.040596350631567,23.779171055545703,2.672091011492363,2.3176591890941585
2019-06-13T00:00:00+08:00,4144.8156,16.79989740825643,-380.5367792809619,24.23523453524256,39.50422241578947,37.5467136512562,1.623895521547253,2.08265825715652,24.23523453524256,2.742583321204199,2.3659938019177282
2019-06-12T00:00:00+08:00,4137.1965,16.78468990381151,-302.3643808030835,24.14625718811688,39.097612922096744,37.03331635271647,1.6219307849531461,2.065099185931613,24.14625718811688,2.727700246367702,2.3455842794243997
2019-06-11T00:00:00+08:00,4163.9471,16.88525683334237,-285.1792840117928,24.300969348958475,39.25760704738069,37.19227691353764,1.631277733729767,2.073379894690277,24.300969348958475,2.734318087482206,2.3518365447303227
2019-06-10T00:00:00+08:00,4029.5323,16.418693833263593,-313.0961301983075,23.506820094247452,37.956366400752415,35.88158687163924,1.584055162042252,2.001502356505472,23.506820094247452,2.6377451848448352,2.2717985094514637
2019-06-06T00:00:00+08:00,3980.9375,16.246130312079,-416.7475931680537,23.268135696985695,37.6419617682354,35.4460287621273,1.567225243798744,1.9803278773914206,23.268135696985695,2.601909319860808,2.239738814158925
2019-06-05T00:00:00+08:00,4046.6552,16.477110950629598,-571.0704108225868,23.755423807679506,38.511876686425374,36.56150134875723,1.588699538845734,2.026079094265352,23.755423807679506,2.662400684345862,2.302026165384322
2019-06-04T00:00:00+08:00,4048.2739,16.469014384743453,-796.6024176818802,23.737291020518814,38.34998731526041,36.46657264813168,1.5874952560664206,2.0221203268944294,23.737291020518814,2.647222888205648,2.2949289376279856
2019-06-03T00:00:00+08:00,4097.7721,16.63914419087721,-1328.9833324157944,24.07212686368719,38.991808218894306,36.87488978672763,1.6037470986371332,2.0519249711581997,24.07212686368719,2.684931875333332,2.3401379749002524
2019-05-31T00:00:00+08:00,4123.5126,16.720671539580877,-3951.2423035494276,24.388143961656596,39.64665584680992,37.47597831449902,1.6089028084144767,2.081650504029212,24.388143961656596,2.7243676108063104,2.3734731653653176
2019-05-30T00:00:00+08:00,4133.9897,16.759808254149885,-7314.913299160941,24.4130761846093,39.64902373833535,37.35689852306649,1.6114814268502478,2.0828712529031863,24.4130761846093,2.714913175886227,2.3747948106071264
2019-05-29T00:00:00+08:00,4159.968,16.834102635869545,3291.3596320233096,24.566037530903508,39.8636383616053,37.625264932717116,1.6177975516166954,2.094878850354625,24.566037530903508,2.7317909143129393,2.3841546602487984
2019-05-28T00:00:00+08:00,4159.7503,16.81989903508486,1611.5232368102581,24.52929119065322,39.60942688526241,37.39587825576729,1.6159455064376202,2.088478686376876,24.52929119065322,2.714026300584584,2.370469341025685
2019-05-27T00:00:00+08:00,4136.6456,16.724055556317996,1595.995180576512,24.515361724827315,39.625480820918256,37.28147924191255,1.606199792408823,2.0863149402747276,24.515361724827315,2.706344688949931,2.3652690767404323
2019-05-24T00:00:00+08:00,4056.5371,16.411405820302054,567.4638289361708,23.96468218726917,38.41592164230573,36.143627627015746,1.5784037741690167,2.0303030475489474,23.96468218726917,2.6286013145774385,2.2889927409345687
2019-05-23T00:00:00+08:00,4068.8053,16.432589745071326,460.1079643813521,24.085015684163672,38.57917642451169,36.51309343611352,1.5799351421454988,2.0421473251057214,24.085015684163672,2.6548324247698476,2.314140138355134
2019-05-22T00:00:00+08:00,4152.6457,16.715725859466417,408.2000379176696,24.565583206758156,39.164840367282885,37.515131428946816,1.606025664271428,2.0867116307318234,24.565583206758156,2.7175217500856785,2.3639457480903547
2019-05-21T00:00:00+08:00,4173.0768,16.7977411500576,404.7137986819769,24.76285193126767,39.43549768710484,37.77218131506421,1.6136029402536085,2.1025242660829213,24.76285193126767,2.723944837932235,2.386041218811488
2019-05-20T00:00:00+08:00,4108.3489,16.56820324882968,345.68727435227623,24.346970467990953,38.847930864674176,37.177867396930054,1.5913187649395626,2.067374004685043,24.346970467990953,2.6829784696417103,2.335795526818833
2019-05-17T00:00:00+08:00,4134.6304,16.64063750316361,287.67856950119136,24.48423386690427,38.673214048608486,37.176445742622946,1.5982116733537526,2.076606773372243,24.48423386690427,2.689534472260001,2.334325322061138
2019-05-16T00:00:00+08:00,4261.6826,17.100042539388426,290.0600397749756,25.37541270429977,40.28424079703235,38.567268253861826,1.6420693781851428,2.15515669241737,25.37541270429977,2.784055657428313,2.428429372813189
2019-05-15T00:00:00+08:00,4238.4613,17.01716533085641,287.9413836141815,25.17198551936647,40.026883795566484,38.42151138215411,1.6339490186149381,2.1359375060403303,25.17198551936647,2.76446945984087,2.4080061292487844
2019-05-14T00:00:00+08:00,4144.9588,16.677980296554324,254.68425340941047,24.664714892633473,39.109636261448166,37.53719450859017,1.6011289822208594,2.0907228271985896,24.664714892633473,2.705777392762996,2.35588372491387
2019-05-13T00:00:00+08:00,4173.6024,16.787625323816396,242.77458454223856,24.872149567724186,39.52402883212415,37.770296004768284,1.6115681341156363,2.1084153405249673,24.872149567724186,2.725826451033485,2.375414246417816
2019-05-10T00:00:00+08:00,4226.0236,16.99117437113796,222.58309817888318,25.053421776777085,39.45332316237502,37.861912056220646,1.6309803127424647,2.122470293072661,25.053421776777085,2.742280006919619,2.376934215167155
2019-05-09T00:00:00+08:00,4076.6312,16.44624637714955,196.53206763732692,24.27672246374738,37.98876822492106,36.5549024082566,1.5785841342568927,2.0556365176164673,24.27672246374738,2.645024421645156,2.302898902925625
2019-05-08T00:00:00+08:00,4135.5531,16.683351861757828,188.81241114586862,24.517999792121802,38.443554668037564,36.812904930058494,1.601173586536072,2.0729368702874984,24.517999792121802,2.6606717793713743,2.313554288261662
2019-05-07T00:00:00+08:00,4175.3955,16.850059908722287,186.69556024931777,24.652354327330364,38.52390257906551,37.072077268730375,1.6169879941202188,2.0770673365424335,24.652354327330364,2.6660141510449678,2.318225475973397
2019-05-06T00:00:00+08:00,4127.6469,16.694710292411145,173.22880340098342,24.312132161912952,37.77196021416623,36.245834133653375,1.6018811325779214,2.0462662131127365,24.312132161912952,2.62641892474754,2.2888167119518488
2019-04-30T00:00:00+08:00,4422.4888,17.647612425111756,154.933691662288,26.117482542173985,40.71908406254422,39.151561403633565,1.705579524804158,2.202011896421112,26.117482542173985,2.8346109630222895,2.471595708774683
2019-04-29T00:00:00+08:00,4393.831,17.200217047760884,79.32365527334132,25.851998404797037,40.39673196679696,38.02145995394848,1.7190440987781062,2.159752654545424,25.851998404797037,2.8099063189733435,2.439033572010731
2019-04-26T00:00:00+08:00,4460.6782,17.16916880443704,62.217420823803614,26.368909625936627,40.885284143884554,38.57778569507443,1.7490149628153078,2.23479331740965,26.368909625936627,2.9248196677959113,2.539295749404178
2019-04-25T00:00:00+08:00,4518.3578,17.159875382158123,51.23908851126375,26.679870496401087,41.336322106160665,38.02274800277027,1.7753842880033526,2.2580708012006268,26.679870496401087,2.951345635114214,2.5768895494248985
2019-04-24T00:00:00+08:00,4661.452,17.542750412108703,50.66994980769089,27.628087415308325,42.56436804173111,39.5583446662271,1.827902123849963,2.357977243541054,27.628087415308325,3.0815140727300614,2.69759383378988
2019-04-23T00:00:00+08:00,4630.5811,17.541257455505704,49.540945938025466,27.398355856602233,42.28486719698011,39.102311544661795,1.8228672485712447,2.333583070226043,27.398355856602233,3.069017866018216,2.6575756047641903
2019-04-22T00:00:00+08:00,4674.1452,17.534738355665908,46.48010101138439,27.84738522410985,43.055447741646674,39.69676640348791,1.8374684034594315,2.374031255084553,27.84738522410985,3.127681449936758,2.7139889040275413
2019-04-19T00:00:00+08:00,4756.5415,17.808158659188667,46.04701608227342,28.256976095934686,43.18700695860005,40.059607800198116,1.8711097096910472,2.407766700997451,28.256976095934686,3.164965729149875,2.756734570019253
2019-04-18T00:00:00+08:00,4711.3226,17.673283799937582,45.3755565498466,28.05075292469463,42.77348758115526,39.67227020787298,1.8593173797417886,2.390932612217607,28.05075292469463,3.1516143137998003,2.732432360883749
2019-04-17T00:00:00+08:00,4733.7199,17.780408562201846,45.772655136098976,28.24709355631378,43.027645930296174,39.97625035342715,1.8697303668010754,2.4076831953501023,28.24709355631378,3.174914242565347,2.7493114412013435
2019-04-16T00:00:00+08:00,4713.1506,17.667664647053048,45.078347836347795,28.075705756867848,42.56758980762929,39.67273044801139,1.8614842977644601,2.385713269664696,28.075705756867848,3.1479332151048434,2.7285554843956135
2019-04-15T00:00:00+08:00,4603.3171,17.212886835887357,43.85394244586175,27.500632174418314,41.61647413925945,38.85719702185125,1.8177614966348667,2.3402660135628155,27.500632174418314,3.0780836819479283,2.6816249756772477
2019-04-12T00:00:00+08:00,4632.0095,17.275398261883684,44.111497621039675,27.66559019190614,42.03429383528903,39.024402800827914,1.826003317041234,2.361268943529495,27.66559019190614,3.111997164636698,2.6910037288836577
2019-04-11T00:00:00+08:00,4639.4026,17.298959325767214,44.31941898675946,27.620210788323657,41.99868633512834,39.06491864318459,1.8278493086804117,2.3641930640330693,27.620210788323657,3.1102321547443736,2.688440498961861
2019-04-10T00:00:00+08:00,4735.9196,17.61083081625343,45.26752115695154,28.16769010242622,42.94047609796799,39.709995624912686,1.8611385456339558,2.4039888997863987,28.16769010242622,3.1678386005415775,2.737470305766463
2019-04-09T00:00:00+08:00,4732.1195,17.60480552508062,45.33816493152433,28.19693676767666,42.86862678688594,39.96191910167161,1.8622305793372627,2.405046596562105,28.19693676767666,3.169659261377841,2.7517361768036386
2019-04-08T00:00:00+08:00,4715.0828,17.581647231870697,45.376160585660074,28.114934240028592,42.634317546889676,39.725056925479485,1.8596862547380635,2.3951169089835713,28.114934240028592,3.154518275375186,2.729648529196645
2019-04-04T00:00:00+08:00,4727.6658,17.61183220958145,45.09900412992395,28.07998876118198,42.86202192158758,40.17118440800135,1.863551896964009,2.3996184171670363,28.07998876118198,3.168194305820195,2.7377044007796583
2019-04-03T00:00:00+08:00,4693.0868,17.48493983790804,45.00279513764314,27.905795094230633,42.77726670298104,40.02869966890566,1.8483634085876477,2.3886852359097204,27.905795094230633,3.1646969044741557,2.72993195645333
2019-04-02T00:00:00+08:00,4640.3117,17.29162422156537,44.22136171569757,27.537871244999135,42.28071505586944,39.57463872565185,1.8285682768787757,2.3579920111461097,27.537871244999135,3.1396202331567964,2.70572839540041
2019-04-01T00:00:00+08:00,4630.3682,17.25551906548451,43.97205240438244,27.404465820879363,42.2687645959213,39.252365601217164,1.8260833388636937,2.345054705538943,27.404465820879363,3.1253038257832904,2.68524050801282
2019-03-29T00:00:00+08:00,4487.7157,16.74048188825876,42.39131326444136,26.346026808548604,40.61844172557787,37.922728472431984,1.784392795412896,2.2692171827984735,26.346026808548604,3.0121588373141495,2.6060957252122705
2019-03-28T00:00:00+08:00,4340.1599,16.206446616254276,41.096101579214675,25.616914511887764,39.33328434800089,36.864884971430996,1.7333112840597245,2.2122857496929815,25.616914511887764,2.9458812164434995,2.5472460280900693
2019-03-27T00:00:00+08:00,4379.4898,16.280808014957966,41.456661004181285,25.928173062869988,39.79218220923858,37.35531704370343,1.7526360516741308,2.2472613460410193,25.928173062869988,2.987677249335748,2.5779147344967477
2019-03-26T00:00:00+08:00,4338.5646,16.128445138223938,40.76796668113576,25.712120993978566,39.57963421740237,37.031586003274406,1.737717020619545,2.2347909997805986,25.712120993978566,2.9612146305990814,2.5626071135902677
2019-03-25T00:00:00+08:00,4424.2887,16.464022706846215,41.74278659913578,26.324706602666282,40.495780364680925,37.881771696427336,1.7700993273899464,2.2985198801923126,26.324706602666282,3.0354436278752592,2.6297096602373298
2019-03-22T00:00:00+08:00,4499.5413,16.69911725903874,41.89086024771116,26.574243327016255,40.882320112604795,38.05863378507512,1.8052121134621453,2.322504768390037,26.574243327016255,3.0597969375507015,2.647219207617649
2019-03-21T00:00:00+08:00,4491.1383,16.678358504140377,41.547953228211604,26.462644164923493,40.78565767025209,37.826245459627465,1.8036347441396305,2.3108082812418913,26.462644164923493,3.0531522999351783,2.634324167599573
2019-03-20T00:00:00+08:00,4463.5506,16.596979111544666,41.48983353343231,26.24340269102574,40.276574185442335,37.6804565893935,1.79575460393857,2.2858324905574934,26.24340269102574,3.021925967286217,2.594500002841494
2019-03-19T00:00:00+08:00,4465.179,16.625713610239472,41.92584838318261,26.173113435984636,40.40007865892556,37.6430132127513,1.798489267380687,2.283000652045216,26.173113435984636,3.0243731450278886,2.59950580930399
2019-03-18T00:00:00+08:00,4466.5464,16.62572556543582,41.971123440174765,26.122436609795,40.03356452718946,37.48135721301314,1.8007286748915299,2.2765954629332446,26.122436609795,3.005058525197712,2.5885654536424596
2019-03-15T00:00:00+08:00,4351.4316,16.219307576509955,40.957126853690326,25.468434222635853,39.22902466406333,36.66781852347188,1.7569581856757537,2.225491932355841,25.468434222635853,2.9378213836367753,2.5282483691659388
2019-03-14T00:00:00+08:00,4293.6034,16.028330313977936,40.338079610718445,25.035694042832784,38.47702861098916,36.19154682993329,1.7370267141944757,2.1890096341714345,25.035694042832784,2.904881780924243,2.4993751313923065
2019-03-13T00:00:00+08:00,4371.1871,16.271331649835965,41.01573748797836,25.61455679720742,39.76177939532896,37.419827351596005,1.7633145304993925,2.2528275175191643,25.61455679720742,2.973985256893732,2.57544012389321
2019-03-12T00:00:00+08:00,4439.9474,16.5333884211472,41.300591815336865,25.999949560865446,40.553880281800986,38.17454029015201,1.7909557672285543,2.2922764272768528,25.999949560865446,3.035798563721038,2.624983013167656
2019-03-11T00:00:00+08:00,4378.6061,16.332181411524786,40.708196006152015,25.584658496810967,39.90398543743012,37.3166511128741,1.7689424777797162,2.253740142084968,25.584658496810967,2.9724579436871488,2.5810462504936837
2019-03-08T00:00:00+08:00,4249.7323,15.943495186605778,39.092719814473874,24.637899352195802,37.996417288767965,35.951539679162885,1.7258256277628088,2.164906933676319,24.637899352195802,2.848407841237364,2.4649720642954427
2019-03-07T00:00:00+08:00,4429.1006,16.64360426109959,41.03271167776234,25.901704054970423,39.82473317478514,37.462366719616725,1.8015206982712928,2.2805804371995437,25.901704054970423,2.9734550864881824,2.5874836567659583
2019-03-06T00:00:00+08:00,4418.6128,16.624907020351312,41.0363693588135,25.601821150500516,39.112861122111774,36.96976450574641,1.7995970485160622,2.2411428987102338,25.601821150500516,2.918209530667345,2.5332538750087785
2019-03-05T00:00:00+08:00,4355.3339,16.390626625408416,40.70329186420385,25.1278545220063,38.42174599352404,36.31157282658531,1.773562539300904,2.190217512888358,25.1278545220063,2.865967493638885,2.480606706578096
2019-03-04T00:00:00+08:00,4283.1606,16.183799827466252,39.96465557805418,24.611431989185053,37.32306525284317,35.42758660550798,1.7511435408249227,2.1360767632500433,24.611431989185053,2.793961646021472,2.404124082383495
2019-03-01T00:00:00+08:00,4215.7026,15.9507009244998,39.35545596967985,24.23480208247681,36.58070184444781,34.78450243824433,1.7260486165171354,2.1016785388895283,24.23480208247681,2.7426269979415525,2.365379311456332
2019-02-28T00:00:00+08:00,4153.511,15.688255282971202,39.13244807093207,24.058447129774354,36.347890811580186,34.61783346422848,1.6977777227984814,2.0893748155732093,24.058447129774354,2.727010701480967,2.3516065011311023
2019-02-27T00:00:00+08:00,4153.4927,15.72254438689029,38.983919531283355,23.94304691993832,36.236006754694884,34.42737552509939,1.7014967599715551,2.0831268748889986,23.94304691993832,2.716869172177592,2.3412079338117042
2019-02-26T00:00:00+08:00,4163.0341,15.710287579915109,39.344672103467154,23.98405448240044,36.4240436727826,34.42054494293069,1.700029921872346,2.0833988716999694,23.98405448240044,2.7272018753844636,2.3419673049034477
2019-02-25T00:00:00+08:00,4190.9416,15.82074681178734,39.491720578793135,23.969450917588713,36.53475177815769,34.52588888744504,1.711953691124522,2.082980236477156,23.969450917588713,2.7399059350708046,2.3588763204442382
2019-02-22T00:00:00+08:00,3968.8796,14.972490494914604,37.479032685625924,22.825946072878008,34.748625646843664,32.85568780159454,1.6200074967923548,1.9816485646171191,22.825946072878008,2.618530748732234,2.2492983589559454
2019-02-21T00:00:00+08:00,3880.6117,14.674033602948581,36.704663302961364,22.404193135433765,33.869436321665475,32.35136638300797,1.5876714891387491,1.939748752832107,22.404193135433765,2.5574004662444048,2.2033266054805694
2019-02-20T00:00:00+08:00,3890.4756,14.722080142655837,36.851451313322706,22.527671117014155,33.904421528200835,32.45601192491411,1.5928681474529423,1.9480885980916312,22.527671117014155,2.5705644653956474,2.2170273877206967
2019-02-19T00:00:00+08:00,3880.0907,14.683077172045143,36.97886822700548,22.47923489671005,33.91788254209069,32.41455586010034,1.5884895613050773,1.9418243249986236,22.47923489671005,2.557230560233336,2.2017123226467468
2019-02-18T00:00:00+08:00,3877.1867,14.670854644419872,37.033335684875794,22.440485557364944,33.84395736274866,32.21455633298669,1.5871526582964517,1.932761473166627,22.440485557364944,2.549391904056759,2.1924093568509804
2019-02-15T00:00:00+08:00,3752.4651,14.243329320007424,35.880051915541515,21.747308262715737,32.749357997895295,31.189955963937248,1.540808716943484,1.870962048195412,21.747308262715737,2.467214905103704,2.1237056261271823
2019-02-14T00:00:00+08:00,3793.4962,14.419685024297099,36.25576380667284,21.843683001308957,32.693427630834854,31.265704374222395,1.5598651703070305,1.8736340781348784,21.843683001308957,2.4641659089460823,2.121863394429887
2019-02-13T00:00:00+08:00,3782.0055,14.400664341860868,36.19361334704431,21.771439275264783,32.619951772219046,31.13300092451847,1.5578079564352378,1.8654245021926181,21.771439275264783,2.4508627879710843,2.1092897030921174
2019-02-12T00:00:00+08:00,3712.6271,14.142417485704867,35.574782840982785,21.403114281004008,31.934091008868435,30.632749672245588,1.5300525401890968,1.8334685462410938,21.403114281004008,2.4106907036874916,2.079689211231158
2019-02-11T00:00:00+08:00,3676.8847,14.025214798393165,35.25172477672302,21.139079886901154,31.532953958717787,30.16989255202306,1.517752903808696,1.8065137815382095,21.139079886901154,2.3712268442066735,2.046745058408027
2019-02-01T00:00:00+08:00,3596.0221,13.7865018195748,34.71332873485789,20.62367197110621,30.65316730698762,29.239629618912737,1.4911876644861475,1.760829673375471,20.62367197110621,2.3110259532162702,1.9917730489419365
2019-01-31T00:00:00+08:00,3523.6188,13.556776680039341,33.90490169086366,20.109031278061302,29.71810885965333,28.578021809379138,1.466328653763293,1.7148071034678525,20.109031278061302,2.2547563308734513,1.9445334684487199
2019-01-30T00:00:00+08:00,3527.5933,13.527793225854376,34.58542005459493,20.397318386153312,30.337617746298605,29.05917164792044,1.46239748591621,1.7488938926712598,20.397318386153312,2.293375833887334,1.9748073287012429
2019-01-29T00:00:00+08:00,3565.3808,13.650349723451694,35.058831847619395,20.66643171434027,30.759321951957673,29.40494848505238,1.4752742568751134,1.7752891033663523,20.66643171434027,2.323308708542353,2.0071948935944417
2019-01-28T00:00:00+08:00,3587.4503,13.700367482772826,35.3438172019627,20.973999230184035,31.47799683197724,30.17234787526222,1.480549718243098,1.811493667512529,20.973999230184035,2.3786351690400616,2.0532417280479667
2019-01-25T00:00:00+08:00,3598.6022,13.733735051732817,35.35188466075753,21.121321346513657,31.599588262867677,30.34530741243915,1.4841571284640296,1.8281194947151418,21.121321346513657,2.396912832972879,2.0640230109410096
2019-01-24T00:00:00+08:00,3594.0818,13.69513059010242,35.2581235024701,21.223559881109853,31.885052602853843,30.63951929298289,1.479880533213262,1.8439726130263956,21.223559881109853,2.4262018810280477,2.0894564563722677
2019-01-23T00:00:00+08:00,3575.2888,13.631771506733271,35.05696900020009,21.15041035670858,31.757689051987757,30.509133117965863,1.4730340213480886,1.8367526667074598,21.15041035670858,2.4140430717163874,2.075674966211155
2019-01-22T00:00:00+08:00,3573.4685,13.617329424415148,34.930804638908754,21.1174298405237,31.668573588883373,30.563854526090203,1.4714734260444484,1.834696448240844,21.1174298405237,2.4048917270458277,2.0694665167851793
2019-01-21T00:00:00+08:00,3618.4726,13.776253363184665,35.19469104653701,21.33792007083328,32.01215972850513,30.599755868024438,1.4886473764345027,1.8542220333547017,21.33792007083328,2.4263446331036658,2.087682740135161
2019-01-18T00:00:00+08:00,3598.429,13.69522371550309,35.090271092867766,21.232259884097072,31.765160232565524,30.346817112646406,1.4798913983572166,1.8450394147625766,21.232259884097072,2.408204848061065,2.0800019115386372
2019-01-17T00:00:00+08:00,3552.9154,13.512726754590298,34.65003249890821,21.026118106303098,31.63362707588315,30.182006701157334,1.4601709696667788,1.833526055639983,21.026118106303098,2.397972828582117,2.082980027914073
2019-01-16T00:00:00+08:00,3578.3367,13.5830007586461,35.09666523283001,21.202111016369813,31.969207285168537,30.519799975274243,1.4677228407600984,1.8492030174553618,21.202111016369813,2.4277435063119186,2.097763747611925
2019-01-15T00:00:00+08:00,3581.5023,13.583357707485796,35.07056459541567,21.224815243642077,32.09035402669987,30.59939018862171,1.4678000690609432,1.8540012324980253,21.224815243642077,2.4390502122824986,2.0986429233506367
2019-01-14T00:00:00+08:00,3526.0851,13.39508066115529,34.57797311565814,20.99957410943953,31.704871507579384,30.11872628624638,1.4474550948978753,1.835289821091883,20.99957410943953,2.41023290930194,2.0739319753359284
2019-01-11T00:00:00+08:00,3551.3318,13.493567202573445,34.67268210194511,21.102440933264365,31.924735753148962,30.392781257271707,1.458097423209341,1.8441309572907347,21.102440933264365,2.425370103556073,2.0905436753488806
2019-01-10T00:00:00+08:00,3524.8784,13.39461533136185,34.47149269080373,20.93568127333892,31.58548800663614,30.027668494002796,1.447388263378514,1.8275354636514758,20.93568127333892,2.4000555707166753,2.0724842379001
2019-01-09T00:00:00+08:00,3531.769,13.44160348973907,34.48994277658433,20.97745639609203,31.696272855744642,30.0824077492484,1.452465684959537,1.8299183048161307,20.97745639609203,2.4046588734061025,2.0781423620979274
2019-01-08T00:00:00+08:00,3508.5228,13.351381181218867,34.330558238642226,20.899541513189774,31.626559457754944,30.06965894996434,1.4427098040921322,1.8235882374984158,20.899541513189774,2.4057483025411632,2.0634174489770887
2019-01-07T00:00:00+08:00,3515.1686,13.374030711008954,34.40034958263611,20.913266853530196,31.558715271753474,30.11484075093843,1.4451158443372571,1.8231376468515166,20.913266853530196,2.400893046482018,2.069403273268601
2019-01-04T00:00:00+08:00,3470.2829,13.244407314076721,33.84389668867973,20.57536084412519,30.98502759471143,29.411148276531247,1.4310967782586594,1.7885173145788655,20.57536084412519,2.352413474732683,2.028851988617786
2019-01-03T00:00:00+08:00,3387.1327,12.94996265421991,32.994443059196925,20.084386959077985,30.273330929151154,28.655606568917698,1.399281175332533,1.742876479327301,20.084386959077985,2.2967509695274435,1.9803942043460885
2019-01-02T00:00:00+08:00,3399.4015,12.982404828321075,33.291379321200935,20.195570123248036,30.456218753952935,29.002965914450538,1.402754454089212,1.747976814845068,20.195570123248036,2.3177891569508606,1.9795003255201413
2018-12-28T00:00:00+08:00,3432.3847,13.101451893431996,35.17600811671149,20.25552154399885,30.47362497532436,28.979606396994445,1.4103263751927713,1.7419957832113855,20.25552154399885,2.295859134439046,1.9781126821232464
2018-12-27T00:00:00+08:00,3418.0644,13.045192404400808,35.12717493919044,20.21768692196633,30.544648664087223,29.14433787126783,1.4042395515427233,1.7390161154242594,20.21768692196633,2.2988457890091962,1.9700214895991757
2018-12-26T00:00:00+08:00,3449.1848,13.147802235603006,35.42173442004761,20.494289073484737,30.965740506081115,29.553031999730315,1.4152849067114703,1.7663232080841114,20.494289073484737,2.3388814107401683,2.004060124558932
2018-12-25T00:00:00+08:00,3462.991,13.18555237312015,35.411851099348965,20.537319470911914,31.055932986231767,29.52265583439103,1.4193038338628245,1.768506237433739,20.537319470911914,2.3459515382281446,2.013831874317139
2018-12-24T00:00:00+08:00,3493.4151,13.295492317343252,35.73383472906713,20.808090949961844,31.24390208303122,29.797098544765156,1.4311378609793988,1.7942549325978185,20.808090949961844,2.3617060307483846,2.03681791088588
2018-12-21T00:00:00+08:00,3472.6883,13.225553884321027,35.198908511626406,20.647038814454014,30.905149853749872,29.531935017589213,1.4236096298280698,1.7823974622708798,20.647038814454014,2.335998208371633,2.018650128933523
2018-12-20T00:00:00+08:00,3507.1102,13.343188894654205,35.43378533055398,20.810894207289756,31.110380470947053,29.867495615280625,1.4363390019059104,1.7964220181882307,20.810894207289756,2.349064896672171,2.0274936388789686
2018-12-19T00:00:00+08:00,3513.7914,13.389248812368596,35.42162127344849,20.756050860781283,30.749375434351105,29.584252405173757,1.4415538628333058,1.789217038363007,20.756050860781283,2.327691210710272,2.0213626532432993
2018-12-18T00:00:00+08:00,3558.0545,13.542723525623138,35.91246579137477,20.998562518391648,31.304118827819725,30.01256871212052,1.4584336036867713,1.8103833408151844,20.998562518391648,2.3637735075672848,2.044842157023904
2018-12-17T00:00:00+08:00,3587.4413,13.652135323958934,36.33654191430535,21.147682411059087,31.490612544867677,30.2015723247972,1.4702324157354527,1.8228007521723313,21.147682411059087,2.3732026858595594,2.0620439553345014
2018-12-14T00:00:00+08:00,3592.524,13.650063550413249,36.346875496315754,21.15161010596895,31.497898900908282,30.225592709654837,1.4700090223194233,1.8214350366075176,21.15161010596895,2.3743898355717867,2.061107766815677
2018-12-13T00:00:00+08:00,3667.9649,13.903753755768403,37.17782615885885,21.655950537062,32.42390651019925,30.99806002884103,1.4973295464597562,1.8699594888274003,21.655950537062,2.435390093107326,2.1191750488673984
2018-12-12T00:00:00+08:00,3622.3233,13.738419282763271,36.560414912045914,21.427441777664374,32.108705655289405,30.781152484109956,1.4795242691348303,1.8539024658926828,21.427441777664374,2.4241631460805952,2.1006797573978684
2018-12-11T00:00:00+08:00,3615.9763,13.69826812145076,36.28807437804743,21.391599874399642,32.12949384640926,30.70577730077031,1.4752350167088,1.8525601395498146,21.391599874399642,2.420266829336441,2.103079940657563
2018-12-10T00:00:00+08:00,3592.6593,13.627501363923928,35.92104639400888,21.237660925608324,31.874393154919368,30.30372002715851,1.4676137905948914,1.8375097113721615,21.237660925608324,2.392297371129654,2.0837622158020013
2018-12-07T00:00:00+08:00,3634.5694,13.760890586800404,36.58149586251956,21.5235039014724,32.24692429082251,30.72542181507021,1.4823996933073569,1.8627379868734621,21.5235039014724,2.4234457917986574,2.1078110780283534
2018-12-06T00:00:00+08:00,3634.9138,13.747622132855973,36.54172378274899,21.49437030616769,32.25592594895088,30.780015914257113,1.4818636926667967,1.8597284771225548,21.49437030616769,2.4190138716968606,2.1063997901055207
2018-12-05T00:00:00+08:00,3709.2502,14.006550978290514,37.2228820410567,21.87334583384274,32.874615671219885,31.337133877488792,1.5098398184404322,1.892851862358379,21.87334583384274,2.467552300347104,2.137594420809057
2018-12-04T00:00:00+08:00,3730.4908,14.085076613834307,37.653421000497254,22.036897380567368,33.002642784351565,31.442093559573934,1.518304509819211,1.9091644575160591,22.036897380567368,2.4830584007378893,2.1551575214350587
2018-12-03T00:00:00+08:00,3713.2308,14.027058644091332,37.47491606742442,21.88062909828342,32.815359364632734,31.304525698756827,1.511996583578296,1.8929107317765286,21.88062909828342,2.473337113621335,2.136119663251988
2018-11-30T00:00:00+08:00,3606.1017,13.65116043094901,36.36865358178205,21.23827817163466,31.706572923265224,30.232421495863314,1.471665606425774,1.8357552988046661,21.23827817163466,2.3920095886973702,2.0737924317453427
2018-11-29T00:00:00+08:00,3574.1933,13.536734848851873,36.14759283578886,21.08318251496248,31.518819716918433,29.928854928406047,1.4594110936845788,1.824679483397283,21.08318251496248,2.371765873840682,2.0637496274118328
2018-11-28T00:00:00+08:00,3638.5736,13.750266267597633,36.926162077715446,21.588384577880852,32.34012301878737,30.824011546181378,1.4825013374888987,1.871908421810606,21.588384577880852,2.440479603026912,2.1181085643511035
2018-11-27T00:00:00+08:00,3593.5955,13.595975514115555,36.3100534875014,21.329643723544372,31.853803078625944,30.42894860846975,1.465934392895057,1.8499609709867928,21.329643723544372,2.403059811231842,2.0888994382075743
2018-11-26T00:00:00+08:00,3584.8753,13.58190943445876,36.154404785733036,21.217359921815607,31.51369122082932,30.187805462086196,1.4644177713094497,1.837020625582574,21.217359921815607,2.3817140420594765,2.0805930084557698
2018-11-23T00:00:00+08:00,3589.6716,13.603002269180854,36.118706771445105,21.294030731067078,31.756239164912383,30.241870636583073,1.4666920260571628,1.839633622214376,21.294030731067078,2.391636162789794,2.0761262467198196
2018-11-22T00:00:00+08:00,3705.2598,13.99038071290303,37.532602323760585,22.21986386897819,33.17059545700737,31.67389257966166,1.5084841174185184,1.9267339708931515,22.21986386897819,2.5010208809149272,2.177171056449333
2018-11-21T00:00:00+08:00,3712.1139,14.014965479039333,37.48188151965263,22.203079975690873,33.24124037810745,31.580760612275977,1.5111798893411275,1.924226174160457,22.203079975690873,2.496072960030841,2.1682438891916442
2018-11-20T00:00:00+08:00,3695.8662,13.973710569670645,37.415625114209675,22.053881929993892,32.81956976848425,31.37219096388352,1.5067315309439702,1.9074807151828832,22.053881929993892,2.4751788611379806,2.1494726616282414
2018-11-19T00:00:00+08:00,3790.9194,14.297691888930299,38.50732847507101,22.680644605236235,33.8265616391052,32.0705185184581,1.541787960230572,1.9627803481179948,22.680644605236235,2.545454105330634,2.2032090710590557
2018-11-16T00:00:00+08:00,3763.2714,14.18249789563588,37.759796360327435,22.545693314077923,33.95490090245237,32.0630053963038,1.5295382188433293,1.9522603054418444,22.545693314077923,2.534866280875176,2.204399586184369
2018-11-15T00:00:00+08:00,3737.1644,14.099904853847326,37.4880518966805,22.33461307414757,33.61523636295377,31.73599325166658,1.520495589062513,1.9312799253500017,22.33461307414757,2.5116808946317946,2.1878091039856296
2018-11-14T00:00:00+08:00,3685.2557,13.909217107483714,36.44861999701435,21.95679225581464,32.903353299912794,31.211202763795118,1.4998305349493188,1.898683259944992,21.95679225581464,2.460654005073991,2.1433919267160286
2018-11-13T00:00:00+08:00,3706.8179,14.014325119640802,36.4821535631299,21.977967837955365,32.81801974424073,31.060422960012644,1.5111110087368824,1.8995944483753802,21.977967837955365,2.458478936740976,2.1379618632614346
2018-11-12T00:00:00+08:00,3654.3174,13.85946668268296,36.22988131507451,21.599151577268945,32.14984627281329,30.453935067936897,1.494404014897423,1.8594259462890508,21.599151577268945,2.415615668303229,2.094321631132292
2018-11-09T00:00:00+08:00,3584.8802,13.640639206577866,35.528336878927426,21.030990323880754,31.31713248558939,29.74016815822913,1.4711806589095047,1.8057927124316087,21.030990323880754,2.344767850300853,2.043376317749993
2018-11-08T00:00:00+08:00,3617.0446,13.805312731832899,35.69183584326917,21.0902322454122,31.237579848192222,29.880969698585773,1.4890479425280032,1.80964468039268,21.0902322454122,2.35073715557407,2.044030007302622
2018-11-07T00:00:00+08:00,3629.4854,13.844815461813281,36.36603096007685,21.167902899985965,31.447881348440998,29.87501036255413,1.4930522912366302,1.8106868530486928,21.167902899985965,2.361613074157561,2.0434999449898363
2018-11-06T00:00:00+08:00,3647.7303,13.925785186779084,36.82137330778939,21.265962145110205,31.45205818154803,30.118223410490245,1.5018184976789237,1.8169202015765227,21.265962145110205,2.362681401185872,2.0536861263521664
2018-11-05T00:00:00+08:00,3659.7921,13.966657702566948,36.62511847166854,21.289991269912115,31.535899545544556,30.185029632128142,1.5062746529473199,1.8185623530765023,21.289991269912115,2.3809098354163143,2.048419333375022
2018-11-02T00:00:00+08:00,3666.5903,14.00295692153618,36.755685638395335,21.189566408626327,31.401402129890176,29.96320945896429,1.510172907587189,1.802199277118299,21.189566408626327,2.361312810788665,2.02740783811149
2018-11-01T00:00:00+08:00,3550.3008,13.60590833564104,35.53120824560193,20.60964389151565,30.57329839118433,29.208005640573905,1.4678159720257227,1.7568051938225038,20.60964389151565,2.302532211942365,1.978526566869215
2018-10-31T00:00:00+08:00,3527.417,13.558488922492602,35.23979209589976,20.527844527735624,30.38156297455792,29.0553569354753,1.4629150501751544,1.7498665698635998,20.527844527735624,2.2877188974886327,1.9572233553097795
2018-10-30T00:00:00+08:00,3476.4577,13.485095936139052,34.12922151571115,20.30976266636799,30.058688355754494,28.307600708020377,1.4659833790318528,1.730197788816943,20.30976266636799,2.2581741123396126,1.939079525222372
2018-10-29T00:00:00+08:00,3441.1318,13.366521155816883,33.18866728681287,20.190230310673943,30.053021205045837,27.849909253035943,1.4639613884726261,1.7149755610115172,20.190230310673943,2.245288507951097,1.9267711956471545
2018-10-26T00:00:00+08:00,3523.3511,13.667143713499698,33.56296351823326,20.560508909441477,30.397824598385732,28.212205830567477,1.5052308932205252,1.7454100167412827,20.560508909441477,2.285721583133748,1.9579215752146457
2018-10-25T00:00:00+08:00,3531.7679,13.653193938887453,33.33035265505275,20.417309345882938,30.38500863589627,28.151617527937134,1.513745323979918,1.7384543186709478,20.417309345882938,2.284675306749466,1.9601248399266917
2018-10-24T00:00:00+08:00,3536.8248,13.68059891866532,33.565280881141646,20.574298904495542,30.682661475552067,28.493144434474427,1.5152296714908358,1.7474045119798385,20.574298904495542,2.3125569828738533,1.9788531876147986
2018-10-23T00:00:00+08:00,3534.3252,13.649139745560078,33.58785252349633,20.5453719204105,30.844012515859323,28.477149775675343,1.5197241714566325,1.7425470133529035,20.5453719204105,2.3128111888076752,1.97270189522503
2018-10-22T00:00:00+08:00,3612.0946,13.967941978190721,34.60903560420408,20.920283467970524,31.333662470651454,28.980232469691657,1.5546562217904856,1.7670598475144137,20.920283467970524,2.3477592370038893,2.0043078488882826
2018-10-19T00:00:00+08:00,3454.3431,13.409784517048934,33.070845497122804,19.977225530892245,29.946776019038953,27.737597428452865,1.4914851684146035,1.686556256550989,19.977225530892245,2.233694784001527,1.9178545969579164
2018-10-18T00:00:00+08:00,3365.1929,13.070215580138525,31.998989043667624,19.58065108818252,29.30435080007472,27.199687267655104,1.453281995156607,1.654831065303109,19.58065108818252,2.1947909265571024,1.8730218886588592
2018-10-17T00:00:00+08:00,3457.6997,13.449777822633783,32.60846169728292,20.1853843473749,30.24248925005964,28.21857260599764,1.4954766232373322,1.7096118133757814,20.1853843473749,2.263773562959177,1.9324122599506823
2018-10-16T00:00:00+08:00,3434.8712,13.365342470407525,32.251787619199845,20.014491070364695,29.96839849386358,27.99391706181507,1.4859883341009228,1.693034757890775,20.014491070364695,2.2423238617234427,1.9152577472144654
2018-10-15T00:00:00+08:00,3485.7093,13.515488667677374,32.953098468081926,20.441616172528942,30.50938157531772,28.464763944153134,1.5025086835294532,1.726247100792723,20.441616172528942,2.282899710810421,1.9503085530391617
2018-10-12T00:00:00+08:00,3536.765,13.704905342400103,33.426179864283036,20.740462719745807,30.80944395726646,28.637908980003978,1.523972330141249,1.752267568515967,20.740462719745807,2.3076534835571407,1.9866350944886317
2018-10-11T00:00:00+08:00,3519.5831,13.591459139117333,33.40796659704892,20.887526325158046,31.052292028702723,28.73735725407504,1.5113129036338178,1.774137859175991,20.887526325158046,2.3357702087120655,2.0105422376833286
2018-10-10T00:00:00+08:00,3739.2996,14.384913131956118,36.24197971259871,22.53465629516549,33.6754586615721,31.085736898176144,1.5995240324883266,1.922504954398109,22.53465629516549,2.5128663589718396,2.18494277583876
2018-10-09T00:00:00+08:00,3742.4298,14.37125428775501,36.07349708225984,22.470735103182562,33.53027417423321,30.938441140861084,1.5980853787323233,1.918021357284271,22.470735103182562,2.501341949142029,2.177033629309005
2018-10-08T00:00:00+08:00,3743.299,14.36268271946525,36.15888323044831,22.424091480576536,33.51057131707268,30.823395514986263,1.5972328604190442,1.91184827479991,22.424091480576536,2.491829667343892,2.16888287383181
2018-09-28T00:00:00+08:00,3890.8288,14.928730048458696,37.56993252798334,23.193347620435258,34.69572163889224,31.937585797448033,1.6601846195796872,1.974034524416501,23.193347620435258,2.577603113196307,2.237120297619078
2018-09-27T00:00:00+08:00,3854.2039,14.77502075524501,37.08611217615669,22.978884991384575,34.36712026583668,31.615531263813324,1.6432248816678559,1.9565534196926635,22.978884991384575,2.556185237299489,2.211058401597584
2018-09-26T00:00:00+08:00,3888.6862,14.878616249271888,37.704002616844726,23.308420759436057,35.04940549752078,32.304660748379675,1.6561504827860818,1.9897466529803567,23.308420759436057,2.595357522482301,2.268372896978041
2018-09-25T00:00:00+08:00,3858.0015,14.750943985020895,37.57661200618031,23.21146608793001,34.92355919957558,32.22728855529304,1.642341493651322,1.9836300546928873,23.21146608793001,2.5912871033773563,2.260330383017896
2018-09-21T00:00:00+08:00,3880.9235,14.844278645786947,37.796099526127605,23.34403492806206,34.98526440756859,32.4233978162786,1.6525285840441364,1.9918002078921702,23.34403492806206,2.592515226217049,2.2627002318250833
2018-09-20T00:00:00+08:00,3797.6884,14.489129511770358,36.933747852693116,22.994810712682106,34.60227746071114,31.89666730092442,1.6127182452273099,1.9665858978430761,22.994810712682106,2.5609114371006108,2.229515501610905
2018-09-19T00:00:00+08:00,3803.2326,14.49870116665923,37.27435654506167,23.034931135644342,34.76662973382308,32.11825896454665,1.6137542403598542,1.9689852632385156,23.034931135644342,2.5659494943178323,2.2434922626073592
2018-09-18T00:00:00+08:00,3757.5934,14.32050104014628,36.767218387074365,22.789025950011784,34.20172091970007,31.693686556003062,1.5939048897931916,1.949327802454335,22.789025950011784,2.5379944061449673,2.219012023746551
2018-09-17T00:00:00+08:00,3688.7716,14.073501884017482,36.034974303807815,22.368446713562616,33.61718977664874,31.190612166225236,1.5664218652375663,1.9157507865167436,22.368446713562616,2.4966356527147555,2.1810055292439006
2018-09-14T00:00:00+08:00,3737.7013,14.266790844565397,36.65089729026135,22.784250772572083,34.492703872559986,31.876720213299972,1.5861515013736052,1.9470805625024612,22.784250772572083,2.5480787620982026,2.2194395900930712
2018-09-13T00:00:00+08:00,3752.7221,14.314057142465877,36.90607170902177,22.954273126121937,34.99547672416422,32.31223294120713,1.591375475845105,1.962932795314401,22.954273126121937,2.579415776052672,2.2381515247793238
2018-09-12T00:00:00+08:00,3719.2072,14.159360765519516,36.40893449077391,22.77465569952607,34.71395528335225,32.02065338662874,1.5747781115859656,1.9463674062263068,22.77465569952607,2.5552166711281004,2.2178384727015024
2018-09-11T00:00:00+08:00,3734.4086,14.21330208471361,36.369259307830575,22.75712212484829,34.710416281765575,32.08933162942003,1.579803748235155,1.9434791939358953,22.75712212484829,2.5488941101887703,2.2161469339805775
2018-09-10T00:00:00+08:00,3736.4975,14.223479359404935,36.510627350239254,22.797655439901884,34.63852703170052,31.88045788143334,1.5809389888682424,1.9411457184283403,22.797655439901884,2.5404997948942056,2.2193178044812574
2018-09-07T00:00:00+08:00,3798.5822,14.42590089426616,37.15984389791739,23.206423780103496,35.24762828591529,32.520201147310175,1.6035464392332146,1.9760146567671841,23.206423780103496,2.5926129973243928,2.253864609734311
2018-09-06T00:00:00+08:00,3786.4873,14.382063260903433,37.00935037495484,23.12325897224805,35.21024169103941,32.49125408306695,1.5987526419530946,1.9688719595706214,23.12325897224805,2.5962930289232773,2.24920461787298
2018-09-05T00:00:00+08:00,3814.9063,14.466298718190519,37.078344800807976,23.24381031255101,35.27117365211487,32.616672903272026,1.6075563519134595,1.976960030500295,23.24381031255101,2.6075102474032157,2.254786696037324
2018-09-04T00:00:00+08:00,3881.6234,14.722688632774826,38.04670909383066,23.5959106556585,35.74503177980935,33.15952742511488,1.6360323791020321,2.0015575267503185,23.5959106556585,2.639528456218467,2.2912603513348064
2018-09-03T00:00:00+08:00,3836.3219,14.559698747701391,37.729728487056924,23.346778001096617,35.29740100907419,32.658534312709236,1.6179142965370614,1.978094169053168,23.346778001096617,2.6124792255279106,2.25893262757687
2018-08-31T00:00:00+08:00,3842.138,14.57819056670312,37.92673556006211,23.3940634704245,35.18307677562629,32.64484645041227,1.620607025533427,1.9815001484453916,23.3940634704245,2.6211709940171866,2.2629557145054697
2018-08-30T00:00:00+08:00,3871.9359,14.733439936605594,37.71652624753223,23.70801414883682,35.7711831221057,32.9482524673512,1.633411614592933,2.0014337860073113,23.70801414883682,2.65300984646007,2.290219783083475
2018-08-29T00:00:00+08:00,3922.1845,14.92484005919094,37.999946220566116,24.11186843026227,36.556374761637706,33.52117764794331,1.6559773497538501,2.034352004528299,24.11186843026227,2.6937428010904623,2.327461207281869
2018-08-28T00:00:00+08:00,3941.5859,15.062839961600718,37.728514241971084,24.274534793260873,36.75865027676491,33.40086863022164,1.6745429834437917,2.0445957423277186,24.274534793260873,2.712747165574887,2.347924962244896
2018-08-27T00:00:00+08:00,3942.5993,15.104583211381073,37.805497814809925,24.386646139562234,37.04371008229234,33.65562078069763,1.6761646233808,2.0441201625767933,24.386646139562234,2.7211891838646642,2.3462505235851663
2018-08-24T00:00:00+08:00,3854.9861,14.894651317781001,36.96017676410218,24.060476755053635,36.33924358954569,32.864347316207215,1.6439273192538464,2.0101374370166085,24.060476755053635,2.6743391237258525,2.3029820134341223
2018-08-23T00:00:00+08:00,3856.6472,14.87245482536459,37.22399554737325,24.17220385206185,36.776433995850944,32.97275968323442,1.6420490342534868,2.016350348770369,24.17220385206185,2.68465855004988,2.3132553350869736
2018-08-22T00:00:00+08:00,3838.794,14.83592082634049,37.006739912822496,24.08939154124634,36.445703774255065,32.598137436640414,1.6356191137594065,2.0085409172502904,24.08939154124634,2.6673813793744023,2.3048019192736406
2018-08-21T00:00:00+08:00,3870.7473,15.033357062232408,37.9694512994162,24.405596460343887,36.94839147966718,33.27312647265378,1.6512624424179076,2.031270928730334,24.405596460343887,2.6985092480790973,2.3334889461688397
2018-08-20T00:00:00+08:00,3814.6977,14.86518116837949,37.977276495801334,24.20356307682005,36.53712743108737,33.046597492044114,1.6302896154446802,2.0141590179343627,24.20356307682005,2.682776318643804,2.3133552525471295
2018-08-17T00:00:00+08:00,3785.0125,14.733683392414836,37.845792271524104,24.17647187363642,36.353234857098386,32.9036322418259,1.6162248531208767,2.007887548401574,24.17647187363642,2.6744910241736513,2.302580534598091
2018-08-16T00:00:00+08:00,3846.7465,14.960622512755352,38.54762435196687,24.631724977943225,37.04136068174399,33.58051168687784,1.639988083189618,2.044881227615117,24.631724977943225,2.734880070647554,2.349658590974367
2018-08-15T00:00:00+08:00,3876.4557,15.088013596347903,38.973219751045676,24.928635372376114,37.428453394762364,33.98989692856325,1.6529692154088595,2.0668352426142573,24.928635372376114,2.766066810810266,2.3746947888916408
2018-08-14T00:00:00+08:00,3962.8823,15.418048958914357,40.00926205749982,25.481955293152016,38.377337690936436,34.881120077584,1.6884453017289833,2.107810353983783,25.481955293152016,2.830674979648359,2.422231859478789
2018-08-13T00:00:00+08:00,3978.5572,15.467859255522784,40.37636891462806,25.562581248632412,38.458839273308186,35.036170045438325,1.695064169560012,2.108500376815863,25.562581248632412,2.8202748810392233,2.431645814570783
2018-08-10T00:00:00+08:00,3979.613,15.503377445988306,40.48688482849153,25.569965122860236,38.51248928414206,34.96055946007859,1.6990822505767336,2.109086184030549,25.569965122860236,2.8085520731457128,2.411886478661117
2018-08-09T00:00:00+08:00,3963.8034,15.495243607629494,40.41187552628903,25.519857189165673,38.28720475429033,34.71236070473969,1.6961954047275842,2.1010869753091805,25.519857189165673,2.7925858287514047,2.3990680953276646
2018-08-08T00:00:00+08:00,3871.3549,15.178534508624981,39.49452261887745,25.038243919008764,37.27285658586576,33.96216867278718,1.661383804075217,2.0618166289015214,25.038243919008764,2.719482840851695,2.3627046125601394
2018-08-07T00:00:00+08:00,3933.1189,15.413922438486878,40.243610401579105,25.438274016830803,38.12832191289565,34.47600385081188,1.686360318568104,2.0880650031586323,25.438274016830803,2.7822101368025853,2.390642904537481
2018-08-06T00:00:00+08:00,3828.1419,15.011519998040615,39.14404923973154,24.808713670356386,37.100398037108114,33.51897244112567,1.6419732745214601,2.0349604402030894,24.808713670356386,2.7152901620066174,2.3390455919762276
2018-08-03T00:00:00+08:00,3892.8847,15.232801098745245,39.858572619442796,25.29511288320665,37.791529423423896,34.30113910158015,1.6660006234453097,2.0721624078263323,25.29511288320665,2.7754087856135934,2.3931029256754472
2018-08-02T00:00:00+08:00,3950.3189,15.417472054040017,40.40826593141587,25.577443762416916,38.24204678497232,34.84668603117319,1.685635949973802,2.0912202247664413,25.577443762416916,2.805976747546511,2.4270659611214223
2018-08-01T00:00:00+08:00,4041.4376,15.761057480712847,41.4972171790943,26.26573053058264,39.47565751255159,35.995380055799785,1.723354262620965,2.1501501972822616,26.26573053058264,2.8964457395748733,2.4831906749392085
2018-07-31T00:00:00+08:00,4114.4304,16.0566781870178,42.30419302712399,26.73483568495986,40.26563916697804,36.57648220789531,1.7550407257427603,2.1871796343676015,26.73483568495986,2.944063886568788,2.521074540692137
2018-07-30T00:00:00+08:00,4112.0202,16.035290904246974,42.31372648082053,26.738113507146924,40.12038600160131,36.521549456029234,1.7521837311403192,2.182801696171223,26.738113507146924,2.9488720389599483,2.5225140491215523
2018-07-27T00:00:00+08:00,4144.3567,16.115573715928385,42.19931119281105,27.05866050062202,40.70606503703389,37.17275628294172,1.7611784915460702,2.2131765924610876,27.05866050062202,3.0015511694652846,2.5618988879148548
2018-07-26T00:00:00+08:00,4164.4876,16.188177286448653,42.4548134175184,27.20448125821964,41.164111265448845,37.41690519203724,1.768347546261679,2.2268044259694797,27.20448125821964,3.011893612832302,2.577982526200071
2018-07-25T00:00:00+08:00,4196.9866,16.323571419298123,43.09902785249385,27.291051854287733,41.403681694079125,37.660470244167186,1.782715602582855,2.2202830015410804,27.291051854287733,3.0300123064398794,2.579155069499156
2018-07-24T00:00:00+08:00,4196.1013,16.336809867323215,43.29142307793441,27.282865165702184,41.52976220858032,37.609105394580894,1.7838706437577143,2.216283951851626,27.282865165702184,3.030919028276244,2.575432322643983
2018-07-23T00:00:00+08:00,4130.1165,16.092905269472965,42.28740076792998,26.744338974747716,40.948134984181635,37.08303304517865,1.7571620813524969,2.1732944134988026,26.744338974747716,2.993419512395537,2.526114303683383
2018-07-20T00:00:00+08:00,4096.519,15.948692995792534,41.559475159524524,26.484209703492205,40.65126604204836,37.00506315127237,1.7410166548254384,2.152376886941294,26.484209703492205,2.9660595967692664,2.5025241145552704
2018-07-19T00:00:00+08:00,4036.1442,15.654346579677389,40.969826856587794,26.17043041774527,40.33622200767753,36.662230700011065,1.7081012975963952,2.1259208695225547,26.17043041774527,2.9340133766079415,2.4755755736420313
2018-07-18T00:00:00+08:00,4058.6494,15.747663690022035,41.09010942437907,26.411479242044276,40.916423798209834,37.084147396301304,1.7183442958005246,2.150598437388661,26.411479242044276,2.97317948177413,2.5155976470344075
2018-07-17T00:00:00+08:00,4081.0799,15.822487820578253,41.34333772450673,26.518986517942515,41.08597180608414,37.41895011577591,1.7266940277874359,2.1573073868088346,26.518986517942515,2.9893220766152244,2.526972331353138
2018-07-16T00:00:00+08:00,4092.1324,15.919210533846568,41.51652897782653,26.503309925723617,41.06247298592517,37.22505793344675,1.7314461869517705,2.151397554943683,26.503309925723617,2.981680328697056,2.506426065778471
2018-07-13T00:00:00+08:00,4105.06,16.007729928400416,41.7028400741266,26.550053995751785,40.93642775014006,37.256919104333434,1.7391553623277316,2.1537131658222535,26.550053995751785,2.976041605132701,2.5036397375665222
2018-07-12T00:00:00+08:00,4089.3198,16.01479136728517,41.68470253681137,26.495248701506174,40.91283455590965,37.07544612765756,1.7318247871083503,2.149260876458887,26.495248701506174,2.975834883407238,2.505751003146785
2018-07-11T00:00:00+08:00,3994.5161,15.63336720925581,40.65373451259718,25.841515997850173,39.81399785359023,35.91866155476505,1.6890982379160409,2.095948567894015,25.841515997850173,2.899438451951277,2.440815259453922
2018-07-10T00:00:00+08:00,4073.2488,15.914120930251666,41.4449909500373,26.47317647691475,40.88728515503026,37.07933800830821,1.7203099140214915,2.1511969201999293,26.47317647691475,2.974081242497717,2.501060693109251
2018-07-09T00:00:00+08:00,4054.3847,15.836154554404342,40.95828423034529,26.257643964072724,40.18972434182213,36.450246053702514,1.711100668131605,2.135855063332038,26.257643964072724,2.938383177092327,2.4828559292295034
2018-07-06T00:00:00+08:00,3956.6167,15.432981644630008,39.86305838935171,25.681003586049663,39.490523553704286,35.70161922250908,1.6664994307097318,2.094262104331012,25.681003586049663,2.8699981044739786,2.4346789518069105
2018-07-05T00:00:00+08:00,3936.3043,15.35825980902225,39.54755038894007,25.604453736879282,39.23230815798994,35.38686045309848,1.6573827475296692,2.0865928327745453,25.604453736879282,2.8571594632722572,2.420613296524184
2018-07-04T00:00:00+08:00,4002.4732,15.553938095616614,40.52481415398244,26.281323821751787,40.420571492792284,36.548263792702656,1.6778209694552182,2.1427304675412384,26.281323821751787,2.9337844862629177,2.4831218559066937
2018-07-03T00:00:00+08:00,4064.3657,15.76941103728312,41.29922886962541,26.737614674366082,41.44387658452153,37.259046057408376,1.7007062302987102,2.179737115446348,26.737614674366082,2.9822558807011146,2.5201559695791955
2018-07-02T00:00:00+08:00,4039.6389,15.677809244534354,40.773107575645284,26.424679327723172,40.707102014918874,36.441449398465195,1.6901379888166719,2.1502714191181895,26.424679327723172,2.9458345747568813,2.4798450981878704
2018-06-29T00:00:00+08:00,4127.9473,15.820139348926748,41.73678911727912,26.749922700573535,40.89752434902496,36.931824555918425,1.703022602236365,2.160443831800816,26.749922700573535,2.922267730826099,2.491380024804565
2018-06-28T00:00:00+08:00,4016.7517,15.430471132341511,40.42388423405731,26.03945398711062,39.72603714167372,35.72132852952656,1.6601212382112873,2.104545936364529,26.03945398711062,2.834508279122394,2.4186372860509393
2018-06-27T00:00:00+08:00,4059.2346,15.587807179543502,40.67016360125641,26.313298877415402,40.078568239175524,35.99433652291329,1.6764600035363957,2.1255174047661436,26.313298877415402,2.8715126917292313,2.43379748653168
2018-06-26T00:00:00+08:00,4117.6218,15.784485457386424,41.26778679124379,26.515942920761123,40.32389183338147,36.199200008650735,1.6972878744397277,2.136026583650655,26.515942920761123,2.879829852701306,2.4421247125341035
2018-06-25T00:00:00+08:00,4118.8341,15.829397986204377,41.25917775655472,26.39192745149396,39.701926762961804,35.51817358822758,1.702299818076317,2.118540377541363,26.39192745149396,2.855248444075722,2.4131656182860564
2018-06-22T00:00:00+08:00,4157.4647,15.99009599430724,41.53821595879308,26.555414913164075,39.72012614157889,35.51437199077702,1.7194209884907072,2.1272166670336645,26.555414913164075,2.861942615773798,2.4241903981960644
2018-06-21T00:00:00+08:00,4120.4021,15.878732864169327,40.891665433072724,26.184240061971472,39.05548890512454,34.89512686557721,1.7060525672065787,2.0959147741423565,26.184240061971472,2.8189872550315607,2.3860667195210388
2018-06-20T00:00:00+08:00,4192.0483,16.129721344057934,41.77546204130391,26.778471191531914,40.24477198720823,36.11628969138259,1.7315748824049166,2.149057174900067,26.778471191531914,2.9160637120845316,2.46580175305244
2018-06-19T00:00:00+08:00,4161.5112,16.060804796816996,40.81508514822279,26.48345252344755,39.58285018805569,35.61048271527825,1.7238746160092056,2.1301615458643655,26.48345252344755,2.879093985955803,2.454384017075661
2018-06-15T00:00:00+08:00,4380.6603,16.769428570911582,43.95047619994556,28.42236465149252,42.657765480908175,38.622649788424255,1.7997182230005335,2.295373717775157,28.42236465149252,3.0970466113256934,2.6561765462985854
2018-06-14T00:00:00+08:00,4439.1947,16.934136414997354,44.59422735979382,28.994214457679316,43.762674101983635,39.81194021379393,1.8149693908724176,2.3452068994393573,28.994214457679316,3.1736389944974235,2.7175526585179206
2018-06-13T00:00:00+08:00,4457.3582,16.978483268723423,44.566904106242,29.0798353862099,43.92995166683989,39.90670231427009,1.8195153451428374,2.353143761531887,29.0798353862099,3.192950917670568,2.7241082456545156
2018-06-12T00:00:00+08:00,4515.1243,17.139113508296465,45.35708577172756,29.572796302184283,44.78301871798761,40.89052421028268,1.8395602189249285,2.394487284378198,29.572796302184283,3.250745751691631,2.778150115557998
2018-06-11T00:00:00+08:00,4468.8355,16.973990571039483,45.07280221296791,29.35526020038445,44.57021197663242,40.52499977112875,1.8219616890866506,2.378420164508151,29.35526020038445,3.2274034611180165,2.75392884185875
2018-06-08T00:00:00+08:00,4486.6335,17.04903331685253,45.29870737808693,29.49585604339023,44.78496894397911,40.98199785374533,1.8300234928114514,2.39280294918159,29.49585604339023,3.247080248728861,2.7682550507174035
2018-06-07T00:00:00+08:00,4542.5294,17.265470155688313,45.68649391480614,29.87187314953676,45.024732964086304,41.21082542737955,1.8515866406161183,2.4245228486355503,29.87187314953676,3.282229872295039,2.8031469511481166
2018-06-06T00:00:00+08:00,4562.4415,17.3166405029361,45.984839257103374,30.045692861816057,45.837228867763685,41.61948932573783,1.8554007234801475,2.441783818275929,30.045692861816057,3.314362501309326,2.8281143289281623
2018-06-05T00:00:00+08:00,4564.6172,17.318354590470577,46.126492149806275,29.995588945245803,45.53528425583405,41.51752348839473,1.8554600470086926,2.4390369710972157,29.995588945245803,3.298758841158252,2.82154167012292
2018-06-04T00:00:00+08:00,4505.8539,17.130814984557006,45.19626226640782,29.546787614437324,44.56013100404862,40.79096240885482,1.8336075699814725,2.407459813181467,29.546787614437324,3.2485896793844065,2.783893044557735
2018-06-01T00:00:00+08:00,4488.9226,17.072526282198183,44.90194036125532,29.591347029995823,44.53654995635054,40.90859344901884,1.8256244483129571,2.41321892293477,29.591347029995823,3.2570495732014058,2.789127017688821
2018-05-31T00:00:00+08:00,4533.6729,17.21027736549246,45.213175896970164,29.807279641390885,45.24644889027771,41.343502668709945,1.8405217029333834,2.4302310748559437,29.807279641390885,3.2803674444933706,2.820619045888683
2018-05-30T00:00:00+08:00,4454.4589,16.923551196536533,44.22194230912446,29.337658774480033,44.39643559478572,40.79453818591153,1.8094194099987075,2.3924701604247094,29.337658774480033,3.2241807019179607,2.7762575661284563
2018-05-29T00:00:00+08:00,4572.1525,17.35618699778691,45.49383254530624,30.440932928062388,46.226708274492104,42.33046622856043,1.8570529695791094,2.483872136405532,30.440932928062388,3.3596515169552545,2.870862455782492
2018-05-28T00:00:00+08:00,4609.7398,17.482752834237644,45.52164150525799,30.632312075869677,46.74488543458868,42.88453904974389,1.8702803723611994,2.5005588309122446,30.632312075869677,3.38044765423207,2.891838082250127
2018-05-25T00:00:00+08:00,4614.4738,17.513606755832143,45.422457448017816,30.836849353553948,47.09562460778257,43.17080140804059,1.8732653216930504,2.522565071626601,30.836849353553948,3.3996398424958847,2.919295007283098
2018-05-24T00:00:00+08:00,4646.787,17.622259275912292,45.84908608282233,31.114364283873407,47.326006545608635,43.81615034005636,1.8808300559118458,2.5436041948032755,31.114364283873407,3.433067459110642,2.949976070682543
2018-05-23T00:00:00+08:00,4670.0152,17.70921226940656,46.15284603793313,31.199738567333902,47.38542740075602,43.79518930655752,1.8898781470521093,2.5485446226857644,31.199738567333902,3.4290318737001506,2.954249635390131
2018-05-22T00:00:00+08:00,4727.2363,17.94883469766471,46.82268391031042,31.608060640198246,48.01871198200806,44.315753478290944,1.9155234747531185,2.578433778237075,31.608060640198246,3.464091554749984,2.982722611328554
2018-05-21T00:00:00+08:00,4726.0736,17.94657693477977,46.73500063826575,31.53911803521052,47.579682963196944,43.90704752566767,1.9156600572825406,2.5701118157760536,31.53911803521052,3.4296398026289308,2.9732342524686484
2018-05-18T00:00:00+08:00,4685.8993,17.822659525144392,46.26867568701851,31.17287404337764,46.868761277802584,43.34380688884299,1.902187782900136,2.5397422705511903,31.17287404337764,3.391629429141001,2.9362730009232796
2018-05-17T00:00:00+08:00,4653.7711,17.65399475108833,46.05815728063697,31.013633656109423,46.73778573435702,43.10986686639311,1.883818640180504,2.5233402520991044,31.013633656109423,3.386445079919081,2.925690217434019
2018-05-16T00:00:00+08:00,4681.0947,17.744349338811798,46.062880117402784,31.05964354890767,46.57992561298799,43.14880558324488,1.8932339966557163,2.5267086587518035,31.05964354890767,3.38816266348238,2.9359772330419815
2018-05-15T00:00:00+08:00,4707.8908,17.86193233855351,46.29035388301395,31.22288871149781,46.93613252009648,43.40711688074109,1.9057326086362918,2.53921794752021,31.22288871149781,3.4034600263755945,2.946170254584758
2018-05-14T00:00:00+08:00,4675.5903,17.74816931336598,45.71293746569215,30.93280098846196,46.41396393242799,42.93846205091829,1.8937912044860432,2.515143320794507,30.93280098846196,3.361867179397713,2.9196254369806502
2018-05-11T00:00:00+08:00,4666.4965,17.719733507700706,45.638320508713505,31.076017058167878,46.61736686357466,43.26448730265782,1.890463899947174,2.5314185920642327,31.076017058167878,3.3916056363643365,2.9356104103138527
2018-05-10T00:00:00+08:00,4701.3282,17.812083051432925,46.15735456224493,31.373296722702946,47.422986807399916,43.52769276036815,1.900161436238733,2.5563055481178925,31.373296722702946,3.442602015965606,2.971391987356079
2018-05-09T00:00:00+08:00,4679.3373,17.73079330034626,45.76421654143441,31.200791804779765,47.105134573345644,43.44734855374654,1.8912051892455315,2.5433622151456445,31.200791804779765,3.417080751693504,2.949495888877229
2018-05-08T00:00:00+08:00,4685.0942,17.74439046111357,45.70851883849732,31.20033193099473,46.961902470268875,43.33554346635565,1.892246958061765,2.5426952374221443,31.20033193099473,3.399901704021857,2.9409619974899552
2018-05-07T00:00:00+08:00,4647.0606,17.595075130811672,45.32014653029474,30.99598942807263,46.646501322641654,43.00884107162061,1.876393064273139,2.525427844677068,30.99598942807263,3.3787252558824936,2.924518008698399
2018-05-04T00:00:00+08:00,4571.3968,17.32984000012134,44.51845195514412,30.465065693725304,45.73493683641752,41.95965239464247,1.847296716728582,2.4851693177227894,30.465065693725304,3.3160773598357403,2.8763187020886902
2018-05-03T00:00:00+08:00,4584.5982,17.380803739640417,44.54469399838684,30.513125094621294,45.99127194600601,41.981349730765395,1.8519479526037446,2.488438615757334,30.513125094621294,3.314963180504128,2.8775862601626585
2018-05-02T00:00:00+08:00,4546.1192,17.204432055559845,42.550702683541715,30.2181204536909,45.292678017750944,41.58285985298516,1.837416476741267,2.4581777805696134,30.2181204536909,3.267743951896045,2.837195405633456
2018-04-27T00:00:00+08:00,4548.4216,17.384313639521576,40.279533700123146,30.49637673389532,45.988113664182315,41.54232104861572,1.855704332344258,2.4718122897809294,30.49637673389532,3.298613488330553,2.8597677200529072
2018-04-26T00:00:00+08:00,4543.7824,17.395873566628506,39.52407547040238,30.69425540900429,46.205990569158296,41.825321714280285,1.8591501270644435,2.473716717227201,30.69425540900429,3.3048579594014855,2.866262189558605
2018-04-25T00:00:00+08:00,4630.3431,17.76747281729049,40.00999025416138,31.424419766102815,47.52294987786557,43.057036955588714,1.8942756409707187,2.525216143590044,31.424419766102815,3.3832150019770295,2.929988436327047
2018-04-24T00:00:00+08:00,4632.3987,17.829118734894735,39.509957673520375,31.40336815714797,47.37587969934621,42.8413605008461,1.902389572953745,2.5237900229119545,31.40336815714797,3.36961073374751,2.9441488275835965
2018-04-23T00:00:00+08:00,4537.2003,17.490371952698244,37.99008705957944,30.818212749812695,46.15713465649942,41.68821017189465,1.8659946343042282,2.473812548041394,30.818212749812695,3.286843352465756,2.8772046085821206
2018-04-20T00:00:00+08:00,4556.7109,17.579879349336668,38.330542167290915,30.986241820620144,46.58367774864857,41.94785468991671,1.8735692654528795,2.4906407344872235,30.986241820620144,3.31224236253067,2.890591956261426
2018-04-19T00:00:00+08:00,4634.6593,17.92075801888614,39.46275293247919,31.7913046483021,47.68750507789651,43.28264077175218,1.9082689788716196,2.555202939595836,31.7913046483021,3.4277121901177074,2.9705632788883425
2018-04-18T00:00:00+08:00,4598.0602,17.804845925705035,39.49482456216225,31.716854001921472,47.77361308600844,43.200257974996035,1.8930786147426784,2.545643575603725,31.716854001921472,3.4228441002848866,2.967141355924058
2018-04-17T00:00:00+08:00,4558.2226,17.648292816204428,39.1282630363186,31.46338994921284,47.18419615664486,42.79605234479202,1.8767956705222342,2.52352688072579,31.46338994921284,3.3904486931775693,2.9362875170588816
2018-04-16T00:00:00+08:00,4643.9193,17.981926067470596,40.02241668113474,32.16999577457675,48.12032410677345,43.924779988201685,1.909902116897136,2.576854851620479,32.16999577457675,3.475596875134021,3.018455092544545
2018-04-13T00:00:00+08:00,4688.6227,18.23893931976548,40.55789321023869,32.550731865017724,48.33992577703088,44.19580314614713,1.9354504986410412,2.603890475995768,32.550731865017724,3.509535518238721,3.043168406204938
2018-04-12T00:00:00+08:00,4711.4805,18.333070692742186,40.63749895532623,32.6495254854967,48.7059843833981,44.31149541996747,1.9463287500768387,2.613103722126396,32.6495254854967,3.5200547287833306,3.055168702750375
2018-04-11T00:00:00+08:00,4747.4684,18.49193104415431,40.9669353250442,32.85837943406241,48.924758365486134,44.43585404809202,1.9643760792223997,2.630381243846978,32.85837943406241,3.5374218300928266,3.0602992346464735
2018-04-10T00:00:00+08:00,4728.0297,18.401391729110273,40.749868824816275,32.699815799884504,48.55261556749037,44.03704381124079,1.9541781520291106,2.6159338677597006,32.699815799884504,3.5121408217208674,3.0418015850518025
2018-04-09T00:00:00+08:00,4677.9682,18.181440368632682,40.48884291830729,32.5064978566132,48.57445110957545,44.007597844224364,1.9283691994804535,2.607528494941499,32.5064978566132,3.5245817895313567,3.0314863773747307
2018-04-04T00:00:00+08:00,4676.6132,18.15655899145785,40.362580457787246,32.43308087234176,48.160871410517316,43.68898944656331,1.9259122076709665,2.6035161713370787,32.43308087234176,3.51908604801729,3.034102836553568
2018-04-03T00:00:00+08:00,4695.6849,18.237038193855998,40.612095774249724,32.6130730397327,48.23355553905941,43.80387176602144,1.9334679573511284,2.6155406715947342,32.6130730397327,3.5147572018793234,3.058595509218419
2018-04-02T00:00:00+08:00,4732.8294,18.384636221921916,40.90011925357981,32.917251538628705,48.537358568391184,44.0366470555864,1.9493373443372464,2.6407921327885555,32.917251538628705,3.5429512422467684,3.0835407658607736
2018-03-30T00:00:00+08:00,4731.0301,18.48316789907525,41.16042997538904,33.10307535982965,48.14536158692648,43.988841538148876,1.9534931434652725,2.6360485719923425,33.10307535982965,3.5284160768377406,3.0594760446723637
2018-03-29T00:00:00+08:00,4693.3021,18.44128024921148,40.493380798778354,32.59740744118198,46.99834267588993,43.071340998695774,1.9465681045427812,2.6093220918344313,32.59740744118198,3.4787280496128967,3.0213435376233533
2018-03-28T00:00:00+08:00,4643.248,18.24238000602887,39.66450591789224,31.98731431537308,46.622039993794154,42.7772684812772,1.925957867251484,2.5820163113863157,31.98731431537308,3.4519290874951496,2.99008830659476
2018-03-27T00:00:00+08:00,4703.1006,18.571163990665614,40.11434685220102,32.20003424917497,46.67234442986551,42.86363146892249,1.9556287727995023,2.5995749531797028,32.20003424917497,3.468315686032975,2.995314827114827
2018-03-26T00:00:00+08:00,4627.5583,18.41494451392407,39.28551175549851,31.47815134581576,45.50935511313491,41.74002669001503,1.9326929009795377,2.5414274246356574,31.47815134581576,3.3810655657202933,2.912259783828863
2018-03-23T00:00:00+08:00,4604.898,18.47236567708856,38.93567914966465,31.19799926452703,44.506237030051096,40.656252360427544,1.9378500457433923,2.5165603492517046,31.19799926452703,3.33335520727619,2.8755371918023673
2018-03-22T00:00:00+08:00,4796.0952,19.212929567516092,41.35612548497357,32.9334434584054,46.884036465737466,43.34654343270101,2.013456230291048,2.662551601901359,32.9334434584054,3.518568970027822,3.041682886533205
2018-03-21T00:00:00+08:00,4825.0029,19.305890204068298,41.21270729239341,32.8021355380851,46.50734586364949,43.31060815647702,2.024313808596873,2.659016987006676,32.8021355380851,3.5065419856174103,3.030888151966047
2018-03-20T00:00:00+08:00,4851.732,19.498923971616588,41.32798694856932,32.96479267216429,46.76354567162387,43.593169164551355,2.0352496048434263,2.6705916317519423,32.96479267216429,3.506477032264713,3.0556870857635845
2018-03-19T00:00:00+08:00,4843.587,19.457012721961288,41.323884934285246,32.905935340063884,46.77407030106603,43.36848468999245,2.0287023963647375,2.6647233940177255,32.905935340063884,3.509540960864601,3.0558776157438703
2018-03-16T00:00:00+08:00,4828.5021,19.393930081443088,41.246954524076095,32.83578722575305,46.14960490219776,42.94714519574072,2.021892702383603,2.6604768316833245,32.83578722575305,3.487642162863468,3.0487447155920386
2018-03-15T00:00:00+08:00,4860.068,19.573872207689643,41.45755669899336,32.94874744210794,46.31038586117074,43.09035674025108,2.0359597625123724,2.6626358238980403,32.94874744210794,3.4934853575701275,3.0419517207623152
2018-03-14T00:00:00+08:00,4854.0015,19.594244062185243,41.83717775891742,33.2247073111731,46.85302304138392,43.52519244322415,2.037469220237573,2.682608982803226,33.2247073111731,3.5244507519908517,3.073646311901148
2018-03-13T00:00:00+08:00,4889.9246,19.71364203274692,42.17205454590149,33.50231521035522,47.15308395755368,43.8641696604533,2.052282581687423,2.709619099920322,33.50231521035522,3.5696210125510306,3.104040281604172
2018-03-12T00:00:00+08:00,4923.4298,19.828605090392177,42.53086457816569,33.70596120789022,47.53273124668301,44.27818215115467,2.0641136356097287,2.721470751107647,33.70596120789022,3.6017675042540542,3.120435074155216
2018-03-09T00:00:00+08:00,4876.4599,19.68090087935257,41.988385777753976,33.280018785075214,46.852890121701115,43.676984159361275,2.0489796041875317,2.686508275994643,33.280018785075214,3.538418706704027,3.0780568441133074
2018-03-08T00:00:00+08:00,4822.6829,19.504621532779034,41.42350600791257,32.85267298426751,46.069508253905795,43.14037670542238,2.030502240745514,2.6502434159212136,32.85267298426751,3.477244995658506,3.030168888050163
2018-03-07T00:00:00+08:00,4781.9626,19.383442758882072,41.01527723251047,32.549161906175364,45.589604799408015,42.36177582918403,2.017637460112699,2.6278572667697087,32.549161906175364,3.4472215119590635,2.9983604853579235
2018-03-06T00:00:00+08:00,4816.918,19.48545430579496,41.35121036164227,32.781764256104026,45.70239845986141,42.55823174076326,2.0294707913178525,2.646315782957162,32.781764256104026,3.475995682305589,3.0202888647288026
2018-03-05T00:00:00+08:00,4761.8948,19.28620396504809,40.818158302147495,32.3833308244921,45.24341206839091,41.90176264196691,2.0089455542162122,2.6178583352371723,32.3833308244921,3.4472678896028954,2.9939772606079957
2018-03-02T00:00:00+08:00,4751.9418,19.252335571347327,40.63565763460833,32.2438098900251,44.754022322695356,41.46127165693948,2.0056313370016956,2.6069732385050775,32.2438098900251,3.4144824557207056,2.970688673060387
2018-03-01T00:00:00+08:00,4782.6534,19.37551217089304,40.883085752265096,32.431303830363156,44.96776411844358,41.7373104438811,2.018462939402647,2.6183899043491294,32.431303830363156,3.441965915715003,2.9819826904579787
2018-02-28T00:00:00+08:00,4739.0741,19.242945053469153,40.44604750860367,32.051924846599846,44.12493209121015,41.065702833444796,2.0061534519808335,2.5869547221207125,32.051924846599846,3.388475369496672,2.9402469604601187
2018-02-27T00:00:00+08:00,4752.8944,19.25823019424234,40.50635917118663,31.980870696247962,44.065555362907894,41.177098838281815,2.0100206760934274,2.585793982668769,31.980870696247962,3.38706319519074,2.9276211950494946
2018-02-26T00:00:00+08:00,4787.1952,19.449215382035696,40.59301282269933,32.01738921458807,43.960503114745535,40.86047283623692,2.0301472915213785,2.583987803440654,32.01738921458807,3.366545385655407,2.9198140840202353
2018-02-23T00:00:00+08:00,4709.7266,19.167082335469726,39.76746474149932,31.358450839781185,42.92866819570043,39.7759087154436,2.0003308326285607,2.5318671509725252,31.358450839781185,3.2809897990253636,2.8553901275063955
2018-02-22T00:00:00+08:00,4692.0328,19.07645830673636,39.612579815329546,31.20975272067805,42.60981602470437,39.69261247543044,1.990912524554783,2.521062893111378,31.20975272067805,3.267849261240621,2.843685538470543
2018-02-14T00:00:00+08:00,4600.6075,18.67891687813321,38.912370577699335,30.68123575712645,41.896267314422246,38.94864648401245,1.949423156009658,2.4806207300857985,30.68123575712645,3.2059549305578643,2.797141280742566
2018-02-13T00:00:00+08:00,4574.791,18.585185511218036,38.75257962673229,30.568361001220477,41.907687672444844,38.969197457488605,1.940144678113543,2.4750178217921084,30.568361001220477,3.2199852183198896,2.7908271920727183
2018-02-12T00:00:00+08:00,4540.006,18.445199927675187,38.68497898793144,30.54311051313374,41.98760239987835,38.991498380063824,1.9245875781967843,2.4724990627672034,30.54311051313374,3.216144015446179,2.7874974841153852
2018-02-09T00:00:00+08:00,4457.4559,18.20911156805959,37.98275441401927,29.84950520517206,40.906241580098225,37.9495056624275,1.900295690040957,2.419857985482404,29.84950520517206,3.143089359995997,2.7203312524489784
2018-02-08T00:00:00+08:00,4629.5397,18.916089273582404,39.463265648368115,30.960560916635057,42.078094818533,39.00894766422623,1.973892231305682,2.50375892604153,30.960560916635057,3.2420505183072086,2.8088443508757743
2018-02-07T00:00:00+08:00,4627.0953,19.06112398684316,39.10299041985043,30.644492313606875,41.615338719127976,38.43697307835705,1.989019406088131,2.476611070822629,30.644492313606875,3.201777305240379,2.7709167775982495
2018-02-06T00:00:00+08:00,4680.8287,19.381711082571208,39.02824464965649,30.568861652645822,41.44853577391522,38.19237991545804,2.0226722404374877,2.465780900823374,30.568861652645822,3.180804766063317,2.765301040087334
2018-02-05T00:00:00+08:00,4868.8127,20.117936202506392,41.32869030877594,32.27497745458905,43.78679546156811,40.545094793364754,2.1002457412265665,2.6049448628916427,32.27497745458905,3.3613099771014574,2.9251603858049617
2018-02-02T00:00:00+08:00,4874.8097,20.04792128196346,41.39426083140333,32.38045927279001,44.3362438194901,40.99092460930429,2.093046264108718,2.6158999657051156,32.38045927279001,3.3929587801992755,2.9482971984283024
2018-02-01T00:00:00+08:00,4864.457,19.98428430715748,41.40529798055439,32.52102657558141,44.721151015323514,41.362153685030435,2.0878134510358843,2.6343794085149965,32.52102657558141,3.427261977699421,2.973969529482207
2018-01-31T00:00:00+08:00,4974.3453,20.290133689519305,42.82445791437408,33.75976567050622,46.71837224436987,43.39459600353502,2.1198960507019806,2.748419529851692,33.75976567050622,3.567169007608845,3.097551594652999
2018-01-30T00:00:00+08:00,5017.2049,20.426138746789363,43.790236301500045,34.464764778890654,47.99235870113333,44.68538269047903,2.132950756864301,2.819020704183263,34.464764778890654,3.6689734470728625,3.1903963420893566
2018-01-29T00:00:00+08:00,5048.6675,20.602665392685022,43.83401355225844,34.538990367905,47.99017840581326,44.6955503398681,2.1522199977253003,2.8256171670655963,34.538990367905,3.671210912129966,3.2120917004398386
2018-01-26T00:00:00+08:00,5126.6116,20.85307879420107,44.279180931648185,34.89139759104672,48.6596081806191,45.096703858257484,2.1785701488490985,2.8580186308667415,34.89139759104672,3.7209857546753113,3.2320810733647263
2018-01-25T00:00:00+08:00,5120.394,20.81263549467022,44.31391861387994,34.93906319301994,48.77828663609042,45.387126060081236,2.174933016384219,2.8650400619692173,34.93906319301994,3.7377850777544186,3.251814773591134
2018-01-24T00:00:00+08:00,5139.4902,20.89488341053307,44.45180827951949,34.9994263977314,48.872415947917496,45.41417653916002,2.1838079688042713,2.8677734953544687,34.9994263977314,3.7494066020138317,3.2619152823946527
2018-01-23T00:00:00+08:00,5121.1896,20.81012898280213,44.157198156337486,34.80172053925196,48.54357451080117,44.99860474448173,2.176659659599479,2.851206402591484,34.80172053925196,3.720562166213249,3.2452432546470655
2018-01-22T00:00:00+08:00,5091.0019,20.554320579078905,43.976475417466986,34.694869426694765,48.15880627616762,45.14551109696944,2.1500856417229777,2.845577074753442,34.694869426694765,3.711176634443852,3.2351886740458498
2018-01-19T00:00:00+08:00,5036.9905,20.42242638061493,43.67271740638032,34.47815393460567,48.160801488020795,44.93285490098644,2.136652870624726,2.830569606820706,34.47815393460567,3.704105907212084,3.2058747953608995
2018-01-18T00:00:00+08:00,5035.3357,20.376319267937237,43.72136010372141,34.52686930125173,48.035374358443164,45.126108837616826,2.1318303793976345,2.8335296801831893,34.52686930125173,3.727067523944022,3.223698496273674
2018-01-17T00:00:00+08:00,5016.003,20.212880835537504,43.60369914453369,34.41246115791193,48.19905046289672,45.12315510680766,2.1143758495910387,2.826953864700747,34.41246115791193,3.715865155697812,3.213563756224316
2018-01-16T00:00:00+08:00,5030.0606,20.195232186660505,43.51990669317158,34.36054354320079,47.951678072167574,44.92956879164539,2.112507571285552,2.8235424077517637,34.36054354320079,3.7196426279021813,3.2206919059958388
2018-01-15T00:00:00+08:00,4996.0638,20.037614209748085,43.08596400928581,34.04136241698419,47.68004290161914,44.76129159572919,2.0960278585681387,2.801654070289501,34.04136241698419,3.674979657368429,3.200850512570617
2018-01-12T00:00:00+08:00,5057.9085,20.199028067491806,44.10097759797056,34.84801686433497,48.990115066923316,45.960875869020754,2.1129050281207786,2.872340059324076,34.84801686433497,3.775419331065495,3.28650127913317
2018-01-11T00:00:00+08:00,5039.3688,20.193188906323552,44.280863302030454,34.974357850382155,49.16478233932341,46.063077401252755,2.112379529757957,2.883201458470811,34.974357850382155,3.8012948735265177,3.303801354902933
2018-01-10T00:00:00+08:00,5049.199,20.143480907227637,44.07365449600813,34.82847942042051,48.76142671546455,45.677400850816134,2.107076163452564,2.868173952664178,34.82847942042051,3.7710899245994915,3.2866986392539683
2018-01-09T00:00:00+08:00,5054.532,20.12073595681818,44.40364844696992,35.097995286533376,49.16212889255092,45.866758721107736,2.105113130322566,2.8913266175564942,35.097995286533376,3.7961973356693384,3.307006410090045
2018-01-08T00:00:00+08:00,5038.7626,20.08368911363899,44.38092993111174,35.098092442547646,49.09425738393332,46.00414634305188,2.1012974370019695,2.894229994834973,35.098092442547646,3.793772632436614,3.304944686022642
2018-01-05T00:00:00+08:00,5020.4897,20.01175051312155,44.1440221518349,34.9522640510377,49.008871758818366,45.77853980534268,2.0939369641997296,2.8882178074720843,34.9522640510377,3.7815273412819495,3.298221431073295
2018-01-04T00:00:00+08:00,5013.8482,19.9819981510645,44.05067132108966,34.87957942254071,49.02359005564114,45.62911586501973,2.091162643387665,2.8829850219548763,34.87957942254071,3.79608505485552,3.2892332969741753
2018-01-03T00:00:00+08:00,4995.4131,19.91022088805496,43.991429320614166,34.80754800821876,48.99425386805566,45.75407907372794,2.0836652833671594,2.8787438523727755,34.80754800821876,3.7964371010472204,3.301738033962168
2018-01-02T00:00:00+08:00,4959.1034,19.79572253960154,43.869963677445334,34.54327946739397,48.70351804849472,45.47223152112508,2.070529198033696,2.8552714188649664,34.54327946739397,3.764960790857902,3.252734804131312
2017-12-29T00:00:00+08:00,4898.9029,19.31141494659836,43.537650539067215,33.724013082584584,48.357320843532854,45.1467007652158,2.018359708704695,2.7534333060888185,33.724013082584584,3.607857217453817,3.1154672161771
2017-12-28T00:00:00+08:00,4873.3392,19.198404660295722,43.17860631557345,33.45870212308245,48.09510919997494,44.816625020049365,2.007599187102338,2.7347096016669057,33.45870212308245,3.5858955066338867,3.0893635656923824
2017-12-27T00:00:00+08:00,4848.9619,19.086494483824815,42.951645269788386,33.30098755679438,47.994952916364,44.38129948247171,1.9983539060644127,2.7261649152224057,33.30098755679438,3.574704105604095,3.0818709693901862
2017-12-26T00:00:00+08:00,4899.359,19.2555139739951,43.18750527080013,33.44842698351042,48.290104030353874,44.50425809757782,2.0166890778793864,2.73821094120461,33.44842698351042,3.5997427984645403,3.1161696347174765
2017-12-25T00:00:00+08:00,4878.3071,19.131159201818626,42.806783199389464,33.177656898078325,47.81443719639285,43.84241939395755,2.005212426056335,2.71698037576794,33.177656898078325,3.5664567776227156,3.087086078396035
2017-12-22T00:00:00+08:00,4915.8018,19.240090540539395,43.2800085313808,33.57429975600876,48.40998648945668,44.771000825765,2.017564077907272,2.7537871470922157,33.57429975600876,3.616160908496623,3.1418998988952147
2017-12-21T00:00:00+08:00,4926.1749,19.25793353364115,43.31711986027621,33.60972937196644,48.468097177221345,44.9797656158637,2.01993098747539,2.757908039093722,33.60972937196644,3.6330180143931905,3.1373587191499226
2017-12-20T00:00:00+08:00,4896.1855,19.164909112079116,43.18475294916539,33.53990296532572,48.4270333312943,45.08892561576555,2.0105093915525645,2.7582501546538696,33.53990296532572,3.6353359246470625,3.13815926624473
2017-12-19T00:00:00+08:00,4922.0943,19.237378468066435,43.70602567309633,33.9088137096005,49.04778430042194,45.63087607494498,2.0181455158784467,2.787813951636537,33.9088137096005,3.6630515460220434,3.1660155341368124
2017-12-18T00:00:00+08:00,4876.228,19.05072838094751,43.39390224265179,33.68184563230746,48.85922786720403,45.18583431226428,1.99857992176333,2.770750372556811,33.68184563230746,3.629271996543146,3.1530130043229274
2017-12-15T00:00:00+08:00,4889.44,19.074228186833395,43.60264199344672,33.83767051118122,49.187022289353166,45.77018259952161,2.0009401807611438,2.78384350793032,33.83767051118122,3.6581261868171455,3.1835675054490493
2017-12-14T00:00:00+08:00,4927.6122,19.21407936087799,43.82880505179937,34.01233867266865,49.1033773493484,45.847653855598296,2.0161067795009915,2.7924486157236355,34.01233867266865,3.6801223456225167,3.182179161566053
2017-12-13T00:00:00+08:00,4939.4375,19.263966192979538,43.84381049767295,33.9970569651211,48.8789210734948,45.76116220555049,2.021979182737281,2.79117667616494,33.9970569651211,3.6653118288483957,3.1849481441724836
2017-12-12T00:00:00+08:00,4902.4219,19.12447052202487,43.564506657710574,33.769149266190944,48.74281238002922,45.30140936485962,2.007425937503812,2.7739399538614387,33.769149266190944,3.6392367740506986,3.178745119607259
2017-12-11T00:00:00+08:00,4956.4752,19.333590318150755,44.06513793854728,34.14581395600568,49.11511667014114,45.767720067238685,2.030053346402679,2.806763731920097,34.14581395600568,3.6871645799277517,3.1997326860644684
2017-12-08T00:00:00+08:00,4889.2322,19.115155396035448,43.63412074036969,33.8287491525939,48.756369354929994,45.56892350290642,2.007128674126931,2.7829434161418862,33.8287491525939,3.6449489252889826,3.173822718418052
2017-12-07T00:00:00+08:00,4845.4794,18.98057291487463,43.25258638673549,33.48334548644089,48.18388878904826,44.951374401067106,1.9929870761214272,2.7576511524426746,33.48334548644089,3.604880202170272,3.140098844416192
2017-12-06T00:00:00+08:00,4878.7262,19.109649064064342,43.42795929276667,33.58979683065469,48.15466470453465,44.72993548570088,2.0067362417865726,2.763139627993064,33.58979683065469,3.6107661868894354,3.141292155332514
2017-12-05T00:00:00+08:00,4874.0173,19.11361022363176,43.11276210056711,33.34836225210632,47.89242260356264,44.22994002316728,2.007438824244664,2.7430311700700303,33.34836225210632,3.568670166103147,3.1105210359239934
2017-12-04T00:00:00+08:00,4921.5942,19.231502194465172,44.09980352792317,34.129204216090876,49.222235001795845,45.78673802819155,2.0198067618632525,2.812477056379383,34.129204216090876,3.675249306172907,3.1954075718891084
2017-12-01T00:00:00+08:00,4929.9166,19.276791556838845,44.643416255531974,34.542521142657804,49.97518061197113,46.80169468715121,2.024618573775385,2.8487673933237976,34.542521142657804,3.744021368113711,3.260024770563709
2017-11-30T00:00:00+08:00,4913.7,19.252216226337406,44.74156746337665,34.57964636706438,49.87731820869167,46.17992836449425,2.020508481658438,2.8284438095256497,34.57964636706438,3.7146496594498366,3.227308073754503
2017-11-29T00:00:00+08:00,4957.8938,19.38905725695868,44.962621807735005,34.750619684796995,49.94050168966644,46.52149074606148,2.035826167918334,2.842275597495352,34.750619684796995,3.7336656994788164,3.242288688337715
2017-11-28T00:00:00+08:00,4952.6775,19.356328687357244,44.796785545503376,34.63398287519741,49.975475485205195,46.485754320093356,2.0330228952205704,2.837319135392573,34.63398287519741,3.732713814260186,3.232515687345674
2017-11-27T00:00:00+08:00,4912.6597,19.244957646999456,44.189913389234526,34.17862030606097,49.29571471561492,45.694814150835036,2.0213601446860445,2.8021513108821297,34.17862030606097,3.6814806223451293,3.196026669341332
2017-11-24T00:00:00+08:00,4973.5076,19.476139724659472,44.68341736632816,34.52660620466284,49.75280914326677,46.166452914691405,2.0453166221230377,2.8272053731672173,34.52660620466284,3.717242834662907,3.2380377250886463
2017-11-23T00:00:00+08:00,4970.1983,19.469996218840063,44.628213876114046,34.45079145554139,49.49729862675205,46.089693329813635,2.0445431178796323,2.8200607391625465,34.45079145554139,3.723217443234467,3.223337205043061
2017-11-22T00:00:00+08:00,5105.4364,19.95307695535643,45.64922140246185,35.217470659762064,50.68983185130185,47.66311173011027,2.0957600374033785,2.8792763039924765,35.217470659762064,3.7955368281059756,3.2853097701025176
2017-11-21T00:00:00+08:00,5102.285,19.87463905701025,45.603725337981956,35.212874639871714,50.685334525637565,47.43073182720207,2.087581008665379,2.8788735277770647,35.212874639871714,3.802916716937938,3.296732965245675
2017-11-20T00:00:00+08:00,5055.0792,19.7388316706447,45.53643220646915,35.184550487645694,50.890119385061205,47.62702840650577,2.073326724818083,2.8805929781282336,35.184550487645694,3.8183721496503793,3.3086792747109395
2017-11-17T00:00:00+08:00,5026.9865,19.62591542511534,45.323447796193946,35.08219820337554,50.74581958830765,47.37554169663483,2.0614030392194693,2.8796840938165733,35.08219820337554,3.8062209459199083,3.300566019409903
2017-11-16T00:00:00+08:00,5100.8378,19.832894098759716,46.76190609715063,36.22091052959723,52.909460251056146,49.37768934076358,2.083314890506399,2.9809188858506115,36.22091052959723,3.9656819544448476,3.4423412068168258
2017-11-15T00:00:00+08:00,5082.2569,19.805858150647758,46.89889682862995,36.31783568560764,53.475933233197615,49.856587289237126,2.0816166322523544,2.9928179465405083,36.31783568560764,3.9962976637487135,3.4609327826052017
2017-11-14T00:00:00+08:00,5122.52,19.977341163494444,47.29128931490112,36.59997263379981,54.043362132605296,50.54594375005319,2.0994330434760387,3.0144212224623645,36.59997263379981,4.0223501638336145,3.4804390500793807
2017-11-13T00:00:00+08:00,5159.4242,20.108443861625144,47.68114811600738,36.863063889364525,54.29564288658066,50.9690080291079,2.1132547640237913,3.036288125876015,36.863063889364525,4.06608440851689,3.5088891662509654
2017-11-10T00:00:00+08:00,5145.6874,20.035543852400174,47.51529383136879,36.805652137696434,54.305492596462194,50.89283285512534,2.1056287087730623,3.0379197617049556,36.805652137696434,4.060171539483395,3.50821176125392
2017-11-09T00:00:00+08:00,5116.788,19.985583818320706,47.4283330817341,36.76694164380781,53.8846724957351,50.93591352652809,2.1006702623486246,3.0389910584190796,36.76694164380781,4.044099515707325,3.498914839021598
2017-11-08T00:00:00+08:00,5083.4714,19.885773966960702,47.21195038504715,36.56289936516478,53.62108078349318,50.65602217692669,2.091321683332162,3.0260529701036014,36.56289936516478,4.02592497779469,3.481930171593345
2017-11-07T00:00:00+08:00,5081.4051,19.881519895577963,47.09227594051404,36.458047126880444,53.51530339019742,50.54333439357401,2.090923072447159,3.0164061232535846,36.458047126880444,4.014616723957955,3.487856165462775
2017-11-06T00:00:00+08:00,5047.0124,19.739634346344065,46.814166533758865,36.26180306849729,53.35024842035692,50.10423553214841,2.076121849661195,3.0007511296453884,36.26180306849729,3.9955117007863215,3.4794975571064244
2017-11-03T00:00:00+08:00,5003.1744,19.610705923259165,46.347640046182235,35.92825860805214,52.84231954472517,49.54227467849564,2.0635762059612945,2.9770751861222022,35.92825860805214,3.951652491218228,3.4427613936514354
2017-11-02T00:00:00+08:00,5026.973,19.69971252475937,46.78877194412491,36.261840088096626,53.235222274719305,50.10085357325756,2.073396681044274,3.00335433564261,36.261840088096626,3.990315131425612,3.4544156170601235
2017-11-01T00:00:00+08:00,5055.3742,19.793648761375426,47.22016652767077,36.628615897842614,54.06367887045527,50.560871830916206,2.0835544566858015,3.0373838950925074,36.628615897842614,4.030372071224561,3.5154682266002193
2017-10-31T00:00:00+08:00,5062.0889,19.79066868164523,47.16427619125607,36.63185397676105,53.91697356013685,50.2879912581973,2.083474402554204,3.039280258384774,36.63185397676105,4.017377834736994,3.513475119939107
2017-10-30T00:00:00+08:00,5045.2554,20.023275585343708,47.35348644477513,36.730993017235264,53.049395409355064,50.250248635392495,2.1252428738385016,3.0312943071295977,36.730993017235264,4.0007854409060855,3.4862458922623296
2017-10-27T00:00:00+08:00,5109.6773,20.435777671344987,48.93587904199095,38.052782944286264,55.447134163350114,51.77679476365855,2.1683746753552327,3.129747300405806,38.052782944286264,4.137938671999099,3.6124120397239623
2017-10-26T00:00:00+08:00,5109.7816,20.621179368079577,49.78273408003574,38.621593944689884,56.470353031190506,52.3605100702204,2.1781560690665684,3.1624096728985496,38.621593944689884,4.186375786151147,3.6410495409907555
2017-10-25T00:00:00+08:00,5089.6971,20.695597835447504,50.17272415874068,38.76758191156969,56.48703492303732,52.50679018902124,2.178152306401174,3.160338220425423,38.76758191156969,4.1916278337046435,3.6569159415958135
2017-10-24T00:00:00+08:00,5061.8769,20.645035639858964,50.09783315352118,38.6591232345391,56.09643335125128,52.24689316582781,2.173799061782044,3.14658674812158,38.6591232345391,4.162597044635676,3.6488584794864742
2017-10-23T00:00:00+08:00,5054.8998,20.655241759404323,50.53386521540693,38.91471414842581,56.79297578197678,52.84575698445187,2.1718460820155485,3.1643944299276745,38.91471414842581,4.197230387130573,3.6609572258936836
2017-10-20T00:00:00+08:00,5036.9319,20.66970431328388,50.441019409506346,38.7397794448629,56.504311693486244,52.331273084642625,2.172001352605796,3.1546287850883896,38.7397794448629,4.171079987491505,3.635107257189202
2017-10-19T00:00:00+08:00,5010.8181,20.605053059555285,50.00551292825768,38.38451462145157,55.94208217308436,51.95554256090277,2.1647028159104065,3.1222617591508084,38.38451462145157,4.131557210630374,3.5976387833074717
2017-10-18T00:00:00+08:00,5044.0904,20.714270574134783,50.51907543306395,38.82323899524519,56.561732109669514,52.53975755348255,2.17580902753282,3.1611214046072855,38.82323899524519,4.172342053754122,3.647918644727182
2017-10-17T00:00:00+08:00,5047.1537,20.68907035138281,50.92779363454739,39.13364345888189,57.231936083061235,53.374384060786625,2.173240432169264,3.1907004898099967,39.13364345888189,4.218249605490567,3.6954784078621463
2017-10-16T00:00:00+08:00,5049.9771,20.71810029424368,50.948446863457086,39.12283727749464,57.0817205799281,53.20659616758753,2.1757532253574636,3.1921251916093722,39.12283727749464,4.219379408717331,3.6842325345545004
2017-10-13T00:00:00+08:00,5100.5458,20.88029221720563,51.91673659863394,39.85476632553637,58.407274415196554,54.542131285931475,2.1910418143270642,3.253689585088713,39.85476632553637,4.330602226166602,3.7644257396687824
2017-10-12T00:00:00+08:00,5081.2726,20.81415262643284,51.677355310230645,39.65886790448384,58.007118931934414,53.8887653459871,2.185565620186642,3.2409407749901322,39.65886790448384,4.30082579135111,3.7383124320309924
2017-10-11T00:00:00+08:00,5080.5713,20.831761914323177,51.791587498839064,39.76756747293185,58.24354044924211,53.95609678702526,2.187109583722354,3.248868062083374,39.76756747293185,4.299369207757922,3.7500656572843973
2017-10-10T00:00:00+08:00,5082.4602,20.818411980627893,51.96724913199134,39.8654834790714,58.619144457757855,54.26470658465104,2.1856578572487835,3.257154354107365,39.8654834790714,4.3292918055732015,3.763442040257197
2017-10-09T00:00:00+08:00,5060.3245,20.73016154486899,51.51068901316509,39.546085468374244,58.19332123144966,53.79652479827643,2.1764720013756262,3.2315605094832005,39.546085468374244,4.281961634274509,3.7383124320309924
2017-09-29T00:00:00+08:00,5002.5525,20.53322283693108,50.904317077669205,39.10841393221796,57.384250013276684,53.17179670472316,2.1557288564358026,3.1964945039963846,39.10841393221796,4.2386406602132425,3.7054865736696336
2017-09-28T00:00:00+08:00,4973.8154,20.44340641505189,50.54739847841636,38.820051723769254,56.85238263305803,52.73141988563022,2.14670756529656,3.173980246754684,38.820051723769254,4.197951080009731,3.658796457660351
2017-09-27T00:00:00+08:00,4983.2351,20.478536382711436,50.77944553661035,39.00257503560063,56.759356460526625,52.98095359218906,2.1503310139528944,3.1904166816182307,39.00257503560063,4.208614154127364,3.6826820880492455
2017-09-26T00:00:00+08:00,4962.0413,20.426006381167348,50.42995223886148,38.73189039904427,56.31362358788775,52.34252079094959,2.1455033301520725,3.1711609468120883,38.73189039904427,4.178350894508871,3.6484812339284085
2017-09-25T00:00:00+08:00,4953.9933,20.409751432197005,50.511058983827574,38.770422334923865,56.371102636981526,52.555475211248975,2.1436653344753474,3.1720270499920007,38.770422334923865,4.192278628386148,3.6602042390813216
2017-09-22T00:00:00+08:00,5001.3224,20.550708632699383,51.7244271466898,39.2708285329912,57.32511251954005,53.35828314311432,2.157173085476772,3.2199425983286,39.2708285329912,4.2333462387714365,3.709115503450665
2017-09-21T00:00:00+08:00,5014.2392,20.58977690609737,51.901806674700566,39.4093738020273,57.359867158470095,53.41401038145579,2.1612704543082226,3.2326875247960225,39.4093738020273,4.241756871197925,3.7174457852814866
2017-09-20T00:00:00+08:00,5046.2482,20.640746309344895,52.34273879709661,39.71596878672344,57.935881915130054,53.79351915032276,2.168738197692614,3.2620629943836463,39.71596878672344,4.276035860212312,3.751983782817881
2017-09-19T00:00:00+08:00,5018.5388,20.5450041667805,52.00242571174752,39.46382559077805,57.34036240596582,53.55462495905274,2.1579599316439166,3.2388886821382705,39.46382559077805,4.245478044228036,3.730392997295303
2017-09-18T00:00:00+08:00,5036.7134,20.593299308430527,52.12046756549978,39.55609626763994,57.47983619891526,53.66851234144952,2.163006246946532,3.2491492130417905,39.55609626763994,4.25892335865158,3.7544847353277038
2017-09-15T00:00:00+08:00,5010.1514,20.50716754880218,51.795414833915146,39.32916298141937,57.122611701259686,52.93944246383914,2.153895129635087,3.2300499644880247,39.32916298141937,4.232742097339344,3.7286371848483233
2017-09-14T00:00:00+08:00,5023.9483,20.60656404472072,52.055855761920554,39.51818868611883,57.455510612983346,53.257489137845965,2.1631736515265785,3.2444637114267776,39.51818868611883,4.248887591100793,3.745793145038427
2017-09-13T00:00:00+08:00,5035.2995,20.675856732893873,52.101519882381716,39.56474706975645,57.48372679504305,53.3292287182373,2.170597875013545,3.2483713599845885,39.56474706975645,4.256364693799237,3.7416348817824545
2017-09-12T00:00:00+08:00,5020.0545,20.63428066725435,51.90649496752796,39.40945695444798,57.096594416395504,52.891497629581956,2.166311336397657,3.2381362855528635,39.40945695444798,4.236028371520322,3.7359000037102787
2017-09-11T00:00:00+08:00,5018.1863,20.627092956094216,52.10579909502688,39.53850361465013,57.404339180895164,53.541643307825105,2.166582016995302,3.249815740075208,39.53850361465013,4.263245984228048,3.7518949576050242
2017-09-08T00:00:00+08:00,4993.1938,20.53619116469055,51.602989418088875,39.21487005341696,56.81238301785989,52.74358189777419,2.15723311810227,3.2231506326648964,39.21487005341696,4.2302360553996845,3.7156535185867168
2017-09-07T00:00:00+08:00,4989.1836,20.525071801242948,51.5496770024246,39.15495743569366,56.54274702422213,52.666368613757264,2.156197012567201,3.217427933659894,39.15495743569366,4.212216944434497,3.7071318532879918
2017-09-06T00:00:00+08:00,5014.3779,20.630116909853005,51.67650125110988,39.27420807445642,57.01823067366105,52.93208623052584,2.167693943032848,3.2313876649108937,39.27420807445642,4.225135581175411,3.7245522740116326
2017-09-05T00:00:00+08:00,5005.2707,20.605916198669426,51.591700353742645,39.17895900408257,56.65859691722011,52.560952066516386,2.1652098512578806,3.2212076105849348,39.17895900408257,4.212912364138111,3.7094404515976387
2017-09-04T00:00:00+08:00,4996.9794,20.55230502085336,51.55950558920119,39.15850774009231,56.42703820982128,52.554692351126825,2.1595867681955316,3.221419873878811,39.15850774009231,4.209000555385367,3.7122547868556297
2017-09-01T00:00:00+08:00,4972.2475,20.447036590574385,51.36245945773881,39.02906129474304,56.217641366160784,52.3793509335477,2.149542066491052,3.209671540074236,39.02906129474304,4.186649340373765,3.691481700719541
2017-08-31T00:00:00+08:00,4947.9159,20.455541234887143,51.12761785148226,38.86303519334606,55.91216428240866,51.96773395766923,2.142140456282916,3.192152733842168,38.86303519334606,4.1604398640258164,3.6757744393509277
2017-08-30T00:00:00+08:00,4946.8265,20.675847638750067,51.20885738994193,38.79360544582638,55.99377602443463,51.28963763777178,2.1465767321837146,3.1812919497658236,38.79360544582638,4.115448710274815,3.653086784625341
2017-08-29T00:00:00+08:00,4934.6464,20.751575291582242,51.31365687373997,38.78195754801862,56.26890052924651,51.268890848427695,2.1506001274824422,3.177438833771878,38.78195754801862,4.123790619971039,3.6617300655315677
2017-08-28T00:00:00+08:00,4944.0749,20.840802052848304,51.87333830019433,39.13422865165756,56.58636730379567,51.81447338852165,2.1536150615514824,3.1888363147719745,39.13422865165756,4.130021569861155,3.6830916042115867
2017-08-25T00:00:00+08:00,4887.1137,20.676687707320333,51.42002299704224,38.81183060201909,55.78673816500774,50.67237497308635,2.1338754249020497,3.1541587970689506,38.81183060201909,4.0799491203333496,3.6415714660253755
2017-08-24T00:00:00+08:00,4824.6008,20.365153872804868,50.870261660108774,38.45318530238376,55.3401112165748,49.9346010350394,2.102323570318749,3.12073254431656,38.45318530238376,4.039346267696603,3.6043527667640896
2017-08-23T00:00:00+08:00,4854.1568,20.526281536726856,51.54172197039679,38.744990819493296,55.85072827784478,50.58826661021955,2.1134536480470936,3.143602869389807,38.744990819493296,4.064357995039748,3.6357206065504943
2017-08-22T00:00:00+08:00,4868.9969,20.560302485722016,51.90617776269028,39.05668376357201,56.60361859595205,51.014368053461006,2.1165664564991005,3.1602632895861076,39.05668376357201,4.084537325000652,3.658508614633168
2017-08-21T00:00:00+08:00,4875.8145,20.580946882000287,52.20286873414965,39.29507553979088,56.96876298974481,51.22042585880838,2.1188720787627773,3.1828272839274043,39.29507553979088,4.117483437734826,3.6825747021915403
2017-08-18T00:00:00+08:00,4845.8601,20.50192325173738,52.07356103605001,39.15630022868471,56.693173320661685,50.79242957264479,2.1094253065952544,3.16082045503698,39.15630022868471,4.087955559947031,3.6440722247882
2017-08-17T00:00:00+08:00,4852.5587,20.586366435066868,52.77333175862813,39.50415108281342,57.27419650742088,51.110019760260045,2.113979241163824,3.173995702022983,39.50415108281342,4.121615279571459,3.6700628305584795
2017-08-16T00:00:00+08:00,4819.9563,20.462026282148862,52.46750023657953,39.238529098867275,57.122822258834,50.768949775402035,2.1011757117154413,3.14778500420983,39.238529098867275,4.082717167810803,3.6376303713651748
2017-08-15T00:00:00+08:00,4814.0763,20.446822842410686,52.31584138062312,39.13315240071397,56.982815799139345,50.152477872008944,2.099613946239883,3.1328767104025728,39.13315240071397,4.046578899449749,3.6140062863677307
2017-08-14T00:00:00+08:00,4798.0178,20.328774249377602,52.10604192542403,39.01086069574587,56.481555721976896,49.94420139931148,2.089751976877675,3.1232458173352837,39.01086069574587,4.039042940534466,3.5931510032365357
2017-08-11T00:00:00+08:00,4720.9176,20.088445866574087,51.2182894224622,38.401659264058864,55.426224438581066,48.970116585753296,2.064168181941278,3.07109134665263,38.401659264058864,3.9591346919082095,3.5208229245576086
2017-08-10T00:00:00+08:00,4806.0408,20.41686254222123,52.21633969809659,39.08815002079232,56.20412033416422,49.795061348382745,2.097724235816288,3.126466569794015,39.08815002079232,4.006072654011276,3.5595753811919804
2017-08-09T00:00:00+08:00,4836.0457,20.52984573225706,52.639150184389074,39.44306416189724,56.80116547718014,50.43028709117067,2.10904336995585,3.1554161885711305,39.44306416189724,4.040362936942373,3.5876333583925404
2017-08-08T00:00:00+08:00,4826.8176,20.55261633795084,52.57739236839181,39.369992652191726,56.75262830404389,50.24431410293488,2.1115738427037467,3.149925073149145,39.369992652191726,4.038401649215738,3.581720360343494
2017-08-07T00:00:00+08:00,4817.3435,20.521036804582344,52.575252341601384,39.3633546221199,56.76534661885995,50.19976399195109,2.107286852609531,3.144770995656111,39.3633546221199,4.025888082241027,3.5742280407509397
2017-08-04T00:00:00+08:00,4782.9532,20.407916037998607,52.25270607031678,39.10978900533489,56.40359738442283,49.9484619182415,2.09584440280815,3.1220736177567163,39.10978900533489,3.999349907952059,3.5502428867470415
2017-08-03T00:00:00+08:00,4807.2599,20.494627909988573,52.561484084267896,39.329389221965194,56.887786240176865,50.45223565011114,2.1046669003113783,3.133869942420243,39.329389221965194,4.027132536911345,3.5817686117000473
2017-08-02T00:00:00+08:00,4818.6954,20.55289018882683,52.49765852533826,39.24839967078342,56.52136072790309,50.045772113164716,2.1105205781623972,3.1214278497030783,39.24839967078342,4.003862907947784,3.5678526504896597
2017-08-01T00:00:00+08:00,4843.1377,20.601068886642587,52.9597786909741,39.61740690121617,57.08321553042478,50.59271436149996,2.117571043671068,3.1499516405955843,39.61740690121617,4.052820783191963,3.5980359606031715
2017-07-31T00:00:00+08:00,4822.9955,20.51544300300116,52.90545988126947,39.62252607416861,57.04117756889194,50.60017498568611,2.1073505240466988,3.1497149793888823,39.62252607416861,4.053145351064959,3.617241696646591
2017-07-28T00:00:00+08:00,4790.2301,20.41611732916014,52.667336484846146,39.40881485597533,56.60733839938291,50.66887937345794,2.096545688562824,3.127891822696001,39.40881485597533,4.035626930157325,3.6009733343789283
2017-07-27T00:00:00+08:00,4780.1472,20.39691408049159,52.794896603599966,39.48464506107273,56.74381453038701,50.88668984973668,2.093549910042069,3.132175834536356,39.48464506107273,4.05041103033537,3.6087292769255708
2017-07-26T00:00:00+08:00,4749.9885,20.305228713895044,52.04754937683613,39.01432237265811,55.75449565675761,49.85050525822518,2.0840006046339195,3.093964156252842,39.01432237265811,3.976597741358825,3.53672780268455
2017-07-25T00:00:00+08:00,4758.4243,20.30107670838329,52.16831633530192,39.048085479763046,55.72925749632747,49.93622300222411,2.0833398668264396,3.0945804209139607,39.048085479763046,3.985391439977105,3.557653271811665
2017-07-24T00:00:00+08:00,4778.4607,20.332766343485275,52.37313852363166,39.191973654231596,55.90776608796902,50.18161858558072,2.0865117042181027,3.102890307111644,39.191973654231596,3.989587595505437,3.565321990106236
2017-07-21T00:00:00+08:00,4754.6099,20.23201283755447,51.826304817659526,38.939507080419425,55.49815181372676,49.90850656685048,2.0774791505486605,3.082153839890687,38.939507080419425,3.972308747088075,3.535752692396015
2017-07-20T00:00:00+08:00,4762.3092,20.27869204808394,51.90439869389481,38.93798873832992,55.64906941484045,50.07760285270885,2.0813195201970287,3.08206706724253,38.93798873832992,3.9848290702317897,3.5465477606301596
2017-07-19T00:00:00+08:00,4738.1693,20.190743601210535,51.65309169174711,38.77122036656586,55.512850047356245,50.07885953024288,2.071798476695586,3.069464651458096,38.77122036656586,3.975068603628363,3.5276907155729624
2017-07-18T00:00:00+08:00,4662.5694,19.916290904462446,50.96560374246047,38.20932666884829,54.896439556881155,49.392281560614336,2.04180028499719,3.0227387041807394,38.20932666884829,3.930845353162545,3.4852240531980567
2017-07-17T00:00:00+08:00,4637.9522,19.8495526940468,50.56570275948006,37.90580435180209,54.488066031012025,49.1466705906805,2.0339201665872366,2.994755793893347,37.90580435180209,3.900662728263157,3.4636039394755995
2017-07-14T00:00:00+08:00,4781.4654,20.304947703552116,52.96766772615265,39.80667783280205,58.28420335893729,53.001262385447504,2.080517508038962,3.153980084548761,39.80667783280205,4.152467501043945,3.6682590388333587
2017-07-13T00:00:00+08:00,4784.511,20.31432184349994,53.22181866636968,39.956935978087245,58.64177849099539,53.38472516314528,2.0759638473790147,3.1669277644159997,39.956935978087245,4.175111185556022,3.7062691307753055
2017-07-12T00:00:00+08:00,4765.2945,20.23274095268835,53.23914015655733,39.93626443814132,59.10440104118712,53.78821603085956,2.062688561191192,3.1598468515111535,39.93626443814132,4.191732029505479,3.703000391405057
2017-07-11T00:00:00+08:00,4774.446,20.25603592256889,53.2727961878737,39.9815717776295,58.91173027300644,53.57551563138952,2.0646853426750322,3.1665632446565746,39.9815717776295,4.195797885230434,3.6979235968537605
2017-07-10T00:00:00+08:00,4794.9354,20.332139421804918,53.791941987861826,40.39093330724272,59.724521880174414,54.5406932536669,2.065736268340595,3.2028399699559627,40.39093330724272,4.2603286644857015,3.7570375395282034
2017-07-07T00:00:00+08:00,4808.6278,20.384612097234044,54.24865140871645,40.632939655136845,60.43552300021995,55.34330242820479,2.070905177942787,3.2173968890298505,40.632939655136845,4.316991446903904,3.783822068013027
2017-07-06T00:00:00+08:00,4802.6465,20.355535199631095,54.00690147895339,40.45544406882067,60.082577015298064,54.96036330402913,2.065457403371468,3.2006741224906246,40.45544406882067,4.29671497372105,3.775032523203829
2017-07-05T00:00:00+08:00,4798.5517,20.327651007211472,53.93757431871046,40.403701491560305,59.87971506080328,54.863264866105496,2.061794563368834,3.195636946310287,40.403701491560305,4.28609478296748,3.7653222708348606
2017-07-04T00:00:00+08:00,4755.134,20.16727185857976,53.435297846180745,40.05941808543866,59.24445071323895,54.255392411765044,2.044069599477121,3.169132137416092,40.05941808543866,4.2302246654637825,3.7213096300998134
2017-07-03T00:00:00+08:00,4781.3861,20.25072626316975,53.67300786439858,40.21930651653418,59.30154161057033,54.27504772726915,2.052544910908259,3.177770958852156,40.21930651653418,4.236444209485497,3.734639232500116
2017-06-30T00:00:00+08:00,4772.1414,19.902213639145803,53.489169680416744,39.18699862681317,60.27955981490128,53.71228971511643,2.014987797746667,3.0529341252779076,39.18699862681317,4.042659929757485,3.5240518059703696
2017-06-29T00:00:00+08:00,4768.1111,19.892898795536848,53.40578544860432,39.12587763081054,60.33844200310484,53.54553106779494,2.008846835805184,3.0504635484029383,39.12587763081054,4.037399470272696,3.519639463501554
2017-06-28T00:00:00+08:00,4743.9164,19.79545565596191,53.146054835876356,38.938523498258334,60.17280812133078,53.50980219509188,1.9981728076274874,3.0355659440198726,38.938523498258334,4.016760458702626,3.5094420450814385
2017-06-27T00:00:00+08:00,4776.6622,19.915426960223922,53.52219052781851,39.19945236038451,60.74186552114742,53.986808032608465,2.010122138466281,3.0557528568874828,39.19945236038451,4.046984727687802,3.5337990047430026
2017-06-26T00:00:00+08:00,4768.786,19.889070939956955,53.60530621762728,39.119373439688395,60.77262927754956,53.77848003852132,2.0071490500669795,3.0494941214466356,39.119373439688395,4.0492377064590075,3.543319922987355
2017-06-23T00:00:00+08:00,4708.6208,19.691594552659364,52.78227106596084,38.56252327248222,60.059555596264474,53.27976243216423,1.9869893999674322,3.0073992019586155,38.56252327248222,3.9930819388121437,3.484306859932567
2017-06-22T00:00:00+08:00,4685.7203,19.60766889631566,52.672457961903675,38.49484640376335,59.63105016141429,53.376878121529465,1.9784737635177319,3.005108153816839,38.49484640376335,3.995930090197979,3.4677906247645773
2017-06-21T00:00:00+08:00,4725.0382,19.71040259427457,53.327431343579235,39.01584527736234,60.75334534603606,54.218665857113805,1.9882670332976509,3.0523286510133762,39.01584527736234,4.060544003818005,3.5506191136707024
2017-06-20T00:00:00+08:00,4697.3809,19.609264580848443,53.16937728106613,38.92602788093588,61.04845930521338,54.32806236449363,1.9778605353229897,3.0486119321984795,38.92602788093588,4.058237316978164,3.5531519747860822
2017-06-19T00:00:00+08:00,4698.6036,19.61172280664928,53.20210185633056,38.926031007459265,61.06882679536145,54.134939990118724,1.9779730402117577,3.047212031792118,38.926031007459265,4.060335641951443,3.553974695187854
2017-06-16T00:00:00+08:00,4661.4257,19.483979564465894,52.77535418384613,38.64164204705294,60.829015984516836,53.78828088607305,1.9651222524452119,3.0251295863920413,38.64164204705294,4.0418453784442265,3.5301756216843314
2017-06-15T00:00:00+08:00,4672.0751,19.53452408168776,52.97846490308619,38.758998342056465,60.66511074932189,53.63110908467088,1.9669974065585156,3.0305797670017713,38.758998342056465,4.048263329962299,3.5324163876736456
2017-06-14T00:00:00+08:00,4649.4518,19.486452730486832,52.494091774797575,38.378566347596234,60.43692621760591,52.73248309575453,1.9616231018531527,2.9963591026306853,38.378566347596234,3.983039734842795,3.4765311253508813
2017-06-13T00:00:00+08:00,4679.1286,19.60731522777252,52.67955046223271,38.47369457038653,60.07519292801111,52.865552010685136,1.9707114699623625,2.995528268458884,38.47369457038653,3.9808189875832714,3.461182226208275
2017-06-12T00:00:00+08:00,4641.1159,19.47623335219273,52.00430082775722,37.98131140660839,58.91987443652098,51.87169560129955,1.9571154607346457,2.9538504669802497,37.98131140660839,3.9169698856121786,3.404707869727795
2017-06-09T00:00:00+08:00,4674.935,19.60397143355007,52.59041139960065,38.47246001688311,60.207849227427005,53.03031697148311,1.9696680324299736,2.998035001732704,38.47246001688311,3.98536923295895,3.466739922267725
2017-06-08T00:00:00+08:00,4662.6682,19.551117597196416,52.46443278960653,38.41200721197521,60.298054908281976,53.11819740211739,1.9639624490524015,2.9940905593746705,38.41200721197521,3.982030588993145,3.465225219391172
2017-06-07T00:00:00+08:00,4644.8417,19.49216734570682,52.44709609935943,38.39134217690787,60.10603193434082,53.03234102250404,1.9578435342449112,2.9954911239166826,38.39134217690787,3.9712788584995997,3.4691597135153804
2017-06-06T00:00:00+08:00,4570.6206,19.20922506952016,51.3320463074539,37.61797580337727,58.53881637060969,51.63515365752701,1.9291787721718876,2.9343984702260624,37.61797580337727,3.884542239649635,3.366962805291309
2017-06-05T00:00:00+08:00,4545.5859,19.123968068595985,51.05778977122372,37.42837724192481,58.47213329760412,51.35835165386685,1.9201992874222467,2.9193298173676094,37.42837724192481,3.8663751450198443,3.35272493702401
2017-06-02T00:00:00+08:00,4536.5548,19.15125423757851,50.77377455096251,37.16859860907831,58.23446846328932,50.71191980826986,1.9227175303790403,2.896623087034402,37.16859860907831,3.8265361450251216,3.3115153943569613
2017-06-01T00:00:00+08:00,4519.0371,19.093528388091194,50.15654671436607,36.79056120455929,57.38216783020258,49.99142681345987,1.9177729962158458,2.8634207109578385,36.79056120455929,3.7895796888573283,3.2793459382407417
2017-05-31T00:00:00+08:00,4572.1504,19.251357857404066,51.189388159753854,37.628524202701385,59.17535477296813,52.032177228771005,1.9334641797988381,2.9365775092899895,37.628524202701385,3.9008385651164525,3.382140424576962
2017-05-26T00:00:00+08:00,4569.97,19.228852980418257,51.10678232035779,37.63479811617791,59.28006634730609,51.94684204407003,1.9312666120831354,2.9398050577492216,37.63479811617791,3.908645266742962,3.382292711993944
2017-05-25T00:00:00+08:00,4574.749,19.237387751823796,51.253696671778876,37.63068494876068,59.02776175733299,52.0598999865621,1.930143615207065,2.9373464355746264,37.63068494876068,3.9081948771275035,3.3851736344786887
2017-05-24T00:00:00+08:00,4517.7031,19.005097511297556,50.73856032634189,37.22699654886571,58.81036375263774,51.831025597841624,1.9058120563248224,2.9038482218856405,37.22699654886571,3.8932294997960932,3.3709613482497645
2017-05-23T00:00:00+08:00,4505.6043,18.967323630179806,50.49093418871486,37.07212419482512,58.60157447489761,51.45850806045796,1.9019513463630124,2.8893219479250316,37.07212419482512,3.867431816321184,3.341101950784271
2017-05-22T00:00:00+08:00,4562.4096,19.134349727097728,51.62524768346801,37.969359423572264,60.3483186186051,53.27948362933372,1.9188391920833785,2.97442105631313,37.969359423572264,4.003507603530839,3.4461058674773803
2017-05-19T00:00:00+08:00,4599.6106,19.25096626713598,52.48118506292955,38.63273933103982,61.74171769877527,54.41155280994965,1.930503136778806,3.0316386282057035,38.63273933103982,4.113080552635011,3.5274526067844096
2017-05-18T00:00:00+08:00,4597.0991,19.25282160113686,52.6706175937386,38.687201198009085,62.25812544347035,54.63572870938553,1.9303397086468388,3.031004777336515,38.687201198009085,4.11275282017847,3.5337836260812208
2017-05-17T00:00:00+08:00,4622.533,19.347516556052593,53.061157103917694,38.95256897662295,62.43852935158117,54.87019688396449,1.9388754924418035,3.0500992564644887,38.95256897662295,4.134313216976062,3.5476380134093746
2017-05-16T00:00:00+08:00,4626.3783,19.38116139121304,52.947256504243825,38.853039320205575,62.2250362672808,54.72956813757931,1.9422747086771461,3.038560650887418,38.853039320205575,4.114099075035422,3.5437052761906767
2017-05-15T00:00:00+08:00,4557.8062,19.164217945113972,51.99917535103205,38.15304348028747,60.901960534998146,53.372410780175194,1.9201864425108763,2.9813800863354523,38.15304348028747,4.021763227307518,3.458571144508977
2017-05-12T00:00:00+08:00,4540.4672,19.111092631476552,51.96175117907254,38.06132010050312,60.625708346901355,53.2030825504256,1.914909185954509,2.973681359351358,38.06132010050312,4.009518904283953,3.4454330478122985
2017-05-11T00:00:00+08:00,4526.1338,19.008372757494925,51.92963880376566,38.04593538714191,60.73093961017193,53.383911614034005,1.9043343256730272,2.976702618850296,38.04593538714191,4.015094516618331,3.4705608136685377
2017-05-10T00:00:00+08:00,4528.3121,18.991084169153037,51.969372194592644,38.189553222576784,61.013294362261576,53.78073185895773,1.9022396476920034,2.9970038677759874,38.189553222576784,4.044513512154274,3.505155317903095
2017-05-09T00:00:00+08:00,4585.0671,19.178794926739457,52.91184355156605,38.88196659171608,62.27876732998646,54.67300196082742,1.9203406799999885,3.0558277172011263,38.88196659171608,4.101796070870276,3.5772949443034627
2017-05-08T00:00:00+08:00,4573.6686,19.131683123276208,52.51076510447079,38.67044073697762,61.9446349153152,54.126570205163574,1.9157719558673667,3.0366629302818837,38.67044073697762,4.069690715366719,3.5505681555970425
2017-05-05T00:00:00+08:00,4637.6782,19.351698820562895,53.5027011643528,39.358580763612935,63.124192415479804,55.39283149667468,1.9372715458604322,3.09430286193918,39.358580763612935,4.151930874525954,3.6143957377051112
2017-05-04T00:00:00+08:00,4684.7458,19.514497619510717,54.110802651149044,39.85282946883461,63.866379652669885,56.23680803084122,1.9534610151100549,3.1363108691374535,39.85282946883461,4.201550853677958,3.6530326990142523
2017-05-03T00:00:00+08:00,4698.0394,19.555290074277774,54.281132232997635,39.993314340748455,63.93419513874326,56.434052703259006,1.9576478148767305,3.1474089510998944,39.993314340748455,4.210260272594693,3.6739682354247463
2017-05-02T00:00:00+08:00,4713.02,19.62857454707912,54.508758583494625,40.081209507046566,64.13538928233787,56.59801906958299,1.964067773403507,3.1537488490840713,40.081209507046566,4.214175318265129,3.6672093820617757
2017-04-28T00:00:00+08:00,4718.13,19.95383479460656,55.15516512413628,40.766002212094136,65.00612436741768,57.13671457063097,1.9891947749809822,3.157107655751669,40.766002212094136,4.214462027670647,3.68254264725791
2017-04-27T00:00:00+08:00,4709.1933,20.405923197524295,56.52627350501242,41.30219187230127,65.74040558552069,57.562100752049496,1.9980916220806266,3.151680911589809,41.30219187230127,4.207778409216777,3.6577543194848525
2017-04-26T00:00:00+08:00,4696.7104,20.465945300014994,56.702537185642626,41.42370862706256,66.1203029638653,57.98151665885984,1.9944936799868642,3.1438271087274563,41.42370862706256,4.1822642026308845,3.6455150052454557
2017-04-25T00:00:00+08:00,4686.4054,20.551484357739426,57.07454028113836,41.70046320781041,66.64110374386637,58.54092686245503,1.9917521035306,3.142475986830563,41.70046320781041,4.180336434669817,3.645587778877037
2017-04-24T00:00:00+08:00,4671.0193,20.630196541630447,58.16030302450531,41.97275550265012,67.57644593316054,58.93093842463055,1.9893312910876513,3.14296873628319,41.97275550265012,4.177460995242678,3.629917413882601
2017-04-21T00:00:00+08:00,4768.2533,21.04673352538916,60.07695890786267,43.25199983885026,69.16384985153822,61.390200152486045,2.027363705346966,3.244709118284171,43.25199983885026,4.323848622035771,3.749471022749698
2017-04-20T00:00:00+08:00,4780.8252,21.07881677341179,60.51894130958803,43.43519809297097,69.59213523384878,61.89609922879296,2.0275397489277354,3.2589417181921214,43.43519809297097,4.362161687040851,3.7761167979837045
2017-04-19T00:00:00+08:00,4780.7905,21.125248199739886,61.41360109090291,43.51385529547835,70.2872522242314,62.575383386039995,2.0295312229724938,3.278727624106045,43.51385529547835,4.395161739317732,3.780778683178835
2017-04-18T00:00:00+08:00,4824.7325,21.337995748038455,62.02450926399624,43.98634219258551,70.81523358171796,63.27903280846493,2.047798459059831,3.3244452726561056,43.98634219258551,4.4411747129724075,3.8257737167310006
2017-04-17T00:00:00+08:00,4858.6818,21.51642667011234,62.84201825491664,44.50055343393846,71.48766854710401,64.75727147523156,2.0624752219760465,3.3610453190369762,44.50055343393846,4.493872170553302,3.8587100803636094
2017-04-14T00:00:00+08:00,4901.2318,21.72694503427672,64.00335277808223,45.14573767652574,73.05290571018165,66.57323240861749,2.0812911917019785,3.417506215067015,45.14573767652574,4.602624538636897,3.945292966333875
2017-04-13T00:00:00+08:00,4958.7427,21.97408456727534,65.18222290196141,45.8206397416407,74.09474849997947,67.67642285025411,2.104601274422281,3.4701068785000495,45.8206397416407,4.664119319278445,4.004977701707748
2017-04-12T00:00:00+08:00,4944.7174,21.935843033624234,64.83348063998993,45.65448185868815,73.74495687874511,67.54380773922716,2.1016780708183624,3.455844121920252,45.65448185868815,4.642378185542265,3.994955012338597
2017-04-11T00:00:00+08:00,4972.4725,22.06667956024225,65.56812444353847,46.02120352532639,74.62777905210913,68.2368737277042,2.112353505045178,3.4848116244404985,46.02120352532639,4.6941637480554315,4.028943861921294
2017-04-10T00:00:00+08:00,4942.5867,21.979567981873746,65.75216461580858,45.738147493186915,74.15755460942407,67.89308355085063,2.100886115809451,3.459422405658322,45.738147493186915,4.661004170060294,4.022421483036755
2017-04-07T00:00:00+08:00,4970.4036,22.15404460263642,67.09467504645609,46.09538305946683,75.36855209579875,69.05096360857974,2.1138615643131624,3.489667776632811,46.09538305946683,4.7398503203336055,4.0836528269057055
2017-04-06T00:00:00+08:00,4965.0753,22.113290337678485,67.03388238514916,46.05031877547565,75.72539206252227,69.32358464673713,2.1129581658146055,3.48969621080963,46.05031877547565,4.745628853112085,4.080726674052085
2017-04-05T00:00:00+08:00,4949.5901,22.066939477119035,66.98770690100355,45.898600418926904,75.4668292992982,69.45229856747972,2.1083667627321354,3.480281294178822,45.898600418926904,4.726299263367059,4.063438394821183
2017-03-31T00:00:00+08:00,4863.51,21.6553881991832,65.63983266085236,44.98010998517806,73.98460184058865,67.843565103327,2.0779854408868252,3.412644905797963,44.98010998517806,4.640286448548452,3.9964531213527494
2017-03-30T00:00:00+08:00,4844.4575,21.590231152983442,65.94239018131145,44.62264189502739,73.50594124261333,67.97962010960956,2.0749309778285867,3.4119123720709825,44.62264189502739,4.6470321807179,3.9927847434451764
2017-03-29T00:00:00+08:00,4915.4516,21.97271441749224,68.01288396004941,45.48823338082927,75.31702417299356,69.89956639239173,2.106252378972824,3.483984414460092,45.48823338082927,4.774923072121924,4.1009871071028625
2017-03-28T00:00:00+08:00,4934.1653,22.015729007105428,68.2885092595717,45.73614612492921,76.58785253838546,71.06054210212082,2.1176280299740964,3.5068666058156746,45.73614612492921,4.8461807893847615,4.149872363793095
2017-03-27T00:00:00+08:00,4946.9921,22.20143228534632,70.08348393178971,46.0333501795885,76.79875201489543,71.62396935019451,2.1256259415521304,3.5219847368840838,46.0333501795885,4.871820906733355,4.151131098748207
2017-03-24T00:00:00+08:00,4962.3716,22.365482675727275,70.41428631426531,46.17131648955875,76.94546332592641,72.0706062987978,2.133549956099673,3.535990404490374,46.17131648955875,4.900549072132115,4.154820557822218
2017-03-23T00:00:00+08:00,4936.2589,22.247383375530227,70.19011390185764,45.9859028716463,76.92642313661088,72.15962670940533,2.122012395153227,3.5240478108047193,45.9859028716463,4.882594615371537,4.168322923029964
2017-03-22T00:00:00+08:00,4927.7464,22.221468730913113,70.21536448848718,45.93887354272507,76.76033925635844,72.71817218837609,2.1206821162415084,3.525659049372046,45.93887354272507,4.872650920866459,4.170425821683306
2017-03-21T00:00:00+08:00,4950.6689,22.30701800155006,70.38443789044666,46.12805336099662,76.40607284502678,73.15164766663794,2.1316581714095624,3.5479050047240777,46.12805336099662,4.913394693605568,4.210785935345178
2017-03-20T00:00:00+08:00,4934.9489,22.25559785923504,70.56338539619429,46.08147967064504,77.08534795395268,73.44589559876022,2.125516315636284,3.5462164249124766,46.08147967064504,4.907615958453829,4.18882791026858
2017-03-17T00:00:00+08:00,4923.5308,22.242080134337453,70.43784753845561,45.844070312472844,76.09770338692663,73.023008306094,2.1195926012845767,3.534741721056352,45.844070312472844,4.8763832154761255,4.187395312104635
2017-03-16T00:00:00+08:00,4966.2786,22.460740507807103,71.61934185455519,46.295319312239414,76.8798510753733,73.84590440841157,2.1388499578566162,3.566636586543985,46.295319312239414,4.9140623662909935,4.22318828010634
2017-03-15T00:00:00+08:00,4928.4565,22.315942323631056,71.20585590358547,45.798487456019096,75.76247202310665,73.00684932567009,2.1231119271462178,3.5318919798283996,45.798487456019096,4.869942667871444,4.180121952766205
2017-03-14T00:00:00+08:00,4927.2019,22.323030842325377,71.32558257211198,45.808004806102296,75.89107309215456,73.2816352170031,2.1230364473361014,3.5344132231463568,45.808004806102296,4.875582335362523,4.177870639181465
2017-03-13T00:00:00+08:00,4933.2447,22.337042749883803,71.47979775851628,45.92243565479233,75.78894004665082,73.51925580664134,2.1240948686135037,3.5410041029368204,45.92243565479233,4.886945379717299,4.185451373727415
2017-03-10T00:00:00+08:00,4894.7714,22.217792868839027,70.94075456446137,45.44357960051841,74.79954333600247,73.06042381320725,2.110266352203996,3.5181084019608564,45.44357960051841,4.861079560888666,4.148464829523643
2017-03-09T00:00:00+08:00,4892.8284,22.22049049305544,70.97152866143881,45.39490364260965,74.92952661641881,72.62881218968417,2.11107828017373,3.5193528176303386,45.39490364260965,4.851327256501507,4.151119590600684
2017-03-08T00:00:00+08:00,4926.4341,22.37852244674932,71.51415666184297,45.72628778446316,75.14239023944782,73.47612950175962,2.12678845268037,3.5496899227823326,45.72628778446316,4.881000714169915,4.191903404675962
2017-03-07T00:00:00+08:00,4940.1409,22.435064238544182,71.88915410271125,45.93551570388943,75.48694181753076,73.80466304289163,2.131749647792685,3.564057540638861,45.93551570388943,4.8956731050034765,4.220564087790773
2017-03-06T00:00:00+08:00,4929.7997,22.383661632267565,71.86881233420793,45.7926637668273,75.10745796593477,73.5808978341906,2.1265861013824527,3.561155142244611,45.7926637668273,4.870903919854167,4.19899642201324
2017-03-03T00:00:00+08:00,4888.7789,22.225644604934136,71.1558926804317,45.32320661087189,73.7144019217336,72.44206859199623,2.1120436386237786,3.5245366743064093,45.32320661087189,4.808933723552685,4.143501465356964
2017-03-02T00:00:00+08:00,4885.967,22.26255240629235,70.98291987224978,45.25430874071697,73.717794804661,72.48000719412065,2.1155734882685646,3.5238809171473284,45.25430874071697,4.800659862209677,4.134920609802572
2017-03-01T00:00:00+08:00,4917.19,22.390863920961948,71.47035340001572,45.53333380719502,74.0095635638539,72.74741115679419,2.1275901286252337,3.547934094286908,45.53333380719502,4.8280786542035905,4.165248898952871
2017-02-28T00:00:00+08:00,4906.2687,22.361213771163342,71.73995784068637,45.469395583667136,73.96651715237462,72.80313682392413,2.1229154383775093,3.538364297551374,45.469395583667136,4.814995276262878,4.152761199533511
2017-02-27T00:00:00+08:00,4891.9059,22.281215563972374,72.01658553520157,45.20447116801762,73.55129958222285,72.38261625822929,2.1138984010414554,3.524694342373877,45.20447116801762,4.798645789180782,4.14047938187253
2017-02-24T00:00:00+08:00,4930.0642,22.435552327182606,72.75765612419279,45.63393136524097,73.97165596727322,73.23610230899604,2.129845727511161,3.554560168978974,45.63393136524097,4.83302324328288,4.175592907779739
2017-02-23T00:00:00+08:00,4923.2998,22.397537452150587,72.37843918574391,45.45489534802526,73.90345706679221,72.30291031545084,2.1264832208619184,3.547152708630041,45.45489534802526,4.811349891382486,4.1629910824908505
2017-02-22T00:00:00+08:00,4935.1915,22.437811863507168,72.28670533206942,45.51574760959138,73.82283658941041,72.1310105607256,2.1305682577621314,3.55609787820541,45.51574760959138,4.805303683984445,4.156008413778742
2017-02-21T00:00:00+08:00,4918.3583,22.369946550630427,72.11227438402678,45.30818803667594,73.79836753963458,72.45100929490248,2.1239014221299444,3.5412334631000353,45.30818803667594,4.788896162550394,4.140951382190729
2017-02-20T00:00:00+08:00,4888.0955,22.224791845360887,71.49226891037934,44.931676806209374,72.7785290741538,71.68677917302665,2.111907052372749,3.5135634272799585,44.931676806209374,4.742688939169165,4.098901180146742
2017-02-17T00:00:00+08:00,4831.8405,21.98058739189189,70.71880999786109,44.378599141370934,72.52934866767903,71.0493270369361,2.0885024986170966,3.4778334087204814,44.378599141370934,4.723657031672307,4.084145460839915
2017-02-16T00:00:00+08:00,4867.2191,22.154573611032806,71.33259911451051,44.778446143690275,73.07796857818806,71.85440147377842,2.10516528748893,3.5113919954653507,44.778446143690275,4.775447892676532,4.121714430226891
2017-02-15T00:00:00+08:00,4836.7627,22.046294899971958,71.09300152694719,44.52805925356325,72.9148125512777,71.42992265660935,2.0948355479999963,3.4850997512612905,44.52805925356325,4.750582290321947,4.09076851446468
2017-02-14T00:00:00+08:00,4870.5817,22.129870141801945,71.48273477498866,44.82266926055509,73.24962532827236,72.3182878701174,2.1029546794197937,3.5144896268843957,44.82266926055509,4.788994401358264,4.124263779982093
2017-02-13T00:00:00+08:00,4872.1071,22.13164810518452,71.55844815866354,44.83383680184476,73.3233147519736,72.3847890203283,2.1031183096200436,3.514507751750113,44.83383680184476,4.797621346605513,4.132352833633902
2017-02-10T00:00:00+08:00,4842.2997,21.972424425356337,70.95942978115455,44.50605093373382,72.83577593675578,71.76391192379131,2.088567626062631,3.4926566978896565,44.50605093373382,4.755402930729738,4.106800118529427
2017-02-09T00:00:00+08:00,4835.2602,21.92878953901083,71.19545684897811,44.51241940921296,73.10462879479431,72.35032398421676,2.0848995783304884,3.4887663948441276,44.51241940921296,4.790872726698708,4.137554492611252
2017-02-08T00:00:00+08:00,4806.6914,21.800956637982228,70.80338381542019,44.21345191876323,72.51872617388103,71.78169691089798,2.073630246588703,3.4633002380674838,44.21345191876323,4.759165303324869,4.092377642257155
2017-02-07T00:00:00+08:00,4778.2847,21.681587953834267,70.35376297367166,43.92774647145327,71.6935759930467,70.88059659750711,2.0629051883080907,3.4398280303443656,43.92774647145327,4.714834158186304,4.05792867099636
2017-02-06T00:00:00+08:00,4780.5,21.699218508502398,70.56694853921661,43.959525906731415,71.59072194040984,71.01830725629257,2.064578513699684,3.4384289609009224,43.959525906731415,4.709563180117429,4.042393154965708
2017-02-03T00:00:00+08:00,4748.2135,21.560237567203497,69.71583376460279,43.508360090436945,70.69427268629396,70.16915832548486,2.05132957355923,3.4039155687066724,43.508360090436945,4.651616784805693,4.009954442683982
2017-01-26T00:00:00+08:00,4770.4328,21.6815784691942,70.04769532923645,43.69256830737831,71.19680373982328,70.25352171275453,2.062874445454079,3.4172204281863348,43.69256830737831,4.6609597501403535,4.011856634607872
2017-01-25T00:00:00+08:00,4746.1193,21.57364844194389,69.69022380264802,43.463349792517654,70.50631833018844,69.69524731105076,2.053125209289813,3.398779218479408,43.463349792517654,4.6339087516267226,3.9821172025403935
2017-01-24T00:00:00+08:00,4732.8994,21.502516046752312,69.20638202840794,43.27623095295268,70.33152492384284,69.26255677276971,2.047218288998353,3.390672135540214,43.27623095295268,4.614790446624768,3.9636968703287323
2017-01-23T00:00:00+08:00,4741.0166,21.48386791182097,69.43509819859293,43.409412526805646,70.53477415318619,69.54934441563091,2.0463992433120812,3.399606976545229,43.409412526805646,4.646758038593183,3.9922182719962973
2017-01-20T00:00:00+08:00,4711.3067,21.29970820983335,68.95621825783245,43.08532845795641,70.01069096477606,68.93235362187781,2.0322738454517357,3.369480967190814,43.08532845795641,4.6015745093291365,3.9530460289646796
2017-01-19T00:00:00+08:00,4656.8169,21.07632390605094,67.98053977483235,42.47657609027365,68.52120587980963,67.55355616821167,2.013644473313026,3.323505737903317,42.47657609027365,4.524407935268417,3.902781068131165
2017-01-18T00:00:00+08:00,4675.0285,21.145403833558813,68.14621730049166,42.60200956749254,68.65622046005542,68.00796597045162,2.0220367439230125,3.3376094112369272,42.60200956749254,4.541411743063641,3.923977627487743
2017-01-17T00:00:00+08:00,4675.6049,21.15908801644962,68.54235148802778,42.73611889041016,69.6125421824113,68.61448042950389,2.0238469798220424,3.348087192483793,42.73611889041016,4.579908662872944,3.9523502875892076
2017-01-16T00:00:00+08:00,4645.3297,21.03444550802031,67.84206387651858,42.35397926312751,68.53928718975666,67.31118114858712,2.0128035987566335,3.3162797249545326,42.35397926312751,4.519963529916183,3.894833560343886
2017-01-13T00:00:00+08:00,4741.0786,21.295947484159914,69.62856964733002,43.58310306514333,71.70427041190348,70.72784976164257,2.044644820872414,3.4350720207367584,43.58310306514333,4.726416136816719,4.064639154783129
2017-01-12T00:00:00+08:00,4782.3159,21.424024268209,70.33458422529807,44.09752350508391,73.29323705324069,72.67931761463669,2.0569223328037882,3.483057238114879,44.09752350508391,4.822167166635438,4.149591106911445
2017-01-11T00:00:00+08:00,4818.1154,21.699912098293677,71.45381904653352,44.8185804417326,74.58412869665706,74.04132334039683,2.0842049908725135,3.5444655266071714,44.8185804417326,4.908311055815074,4.223955285622886
2017-01-10T00:00:00+08:00,4861.7697,21.73822833517512,71.75756604091806,44.9677337447114,74.72231741305852,74.14950952492373,2.0880911992160303,3.5567572729764896,44.9677337447114,4.9254865157498395,4.239923975761655
2017-01-09T00:00:00+08:00,4875.4268,21.794185510185184,71.95751847614201,45.08169409369275,74.9602070809537,74.4640637931651,2.0938886686012648,3.5665624726815026,45.08169409369275,4.942479400659393,4.248722764207703
2017-01-06T00:00:00+08:00,4850.9355,21.700646174865845,71.5553124316449,44.84829755567041,74.68145754714519,73.9123186937008,2.0848611311066723,3.5454514462492317,44.84829755567041,4.908683898334875,4.2335722644012135
2017-01-05T00:00:00+08:00,4881.3478,21.808325632618633,72.94167797259274,45.15788686505876,75.72088362283958,74.22026213557452,2.0975347890731375,3.571695142834417,45.15788686505876,4.966379236339495,4.271037505679101
2017-01-04T00:00:00+08:00,4879.9918,21.789840638263342,72.9799384250025,45.1558944077634,75.81469452555825,74.29742831751011,2.0961282101893883,3.5684612416865615,45.1558944077634,4.973191212944132,4.256621729187711
2017-01-03T00:00:00+08:00,4831.6894,21.595606184508068,72.22531370349925,44.672434991530814,74.85855703481654,73.47868037334241,2.0783310795228895,3.53160944829093,44.672434991530814,4.906524487165859,4.201824257026153
2016-12-30T00:00:00+08:00,4786.98,21.18974449460424,73.30833816985852,43.5668205895356,74.18029866043423,72.9566592046835,2.0283854637910346,3.422116072148181,43.5668205895356,4.696684568603161,4.064476029558726
2016-12-29T00:00:00+08:00,4777.2981,21.144829410851457,73.26794083928854,43.47664985667568,74.05977806211659,72.62594089584888,2.02414757953893,3.418167690165844,43.47664985667568,4.698483548694717,4.045523774376962
2016-12-28T00:00:00+08:00,4788.6177,21.18421081867141,73.42039229118791,43.56094152133015,74.4665596282672,72.94201033769755,2.028267543106879,3.427052601342603,43.56094152133015,4.712484280252754,4.065423174799156
2016-12-27T00:00:00+08:00,4806.4068,21.24710567563538,75.38203800229867,43.73569150162213,74.76182622976668,73.79056764095051,2.0358852506163334,3.4455823927351337,43.73569150162213,4.730947078180916,4.085799832687611
2016-12-26T00:00:00+08:00,4806.2125,21.250989054875667,75.39610846045937,43.70243913177775,75.00018685523834,73.30391491279768,2.037824771906211,3.44109104131527,43.70243913177775,4.72269863332461,4.083494145691565
2016-12-23T00:00:00+08:00,4786.6131,21.15845724167771,74.94260498413482,43.53732362466267,74.87885067423801,73.00353165140821,2.0302610381691335,3.4296998013969215,43.53732362466267,4.706614890428649,4.078875799365223
2016-12-22T00:00:00+08:00,4834.7965,21.33288584928708,75.88669876511965,44.03019683324935,75.66592830407413,73.76587664457959,2.0486157982711197,3.4735119998728106,44.03019683324935,4.779167712447584,4.139077267358519
2016-12-21T00:00:00+08:00,4838.251,21.336446387964255,75.97512992589628,44.03808334989337,75.6593879241797,74.35701706409462,2.048852071520629,3.4742184674845875,44.03808334989337,4.788510282512839,4.127096019487403
2016-12-20T00:00:00+08:00,4799.1285,21.12788799098949,75.144417487472,43.631783006585195,74.93442963334108,73.61598743984409,2.0293171193492556,3.4444203341871327,43.631783006585195,4.746480917219505,4.084145460839915
2016-12-19T00:00:00+08:00,4815.7301,21.2100663535357,75.34750750165112,43.750597124595764,74.74973543725703,73.61726578485099,2.0374408906706813,3.454557495227139,43.750597124595764,4.751993345014096,4.092341132527252
2016-12-16T00:00:00+08:00,4827.3542,21.251054206513768,75.43896948098899,43.775514083413675,74.83304171848401,73.6892392070098,2.041855845323086,3.4521338517538953,43.775514083413675,4.760449447845535,4.1095253704416495
2016-12-15T00:00:00+08:00,4799.2753,21.157290662717646,74.83816587381276,43.43194705728276,73.99827782425709,72.89732720378434,2.0331996452815555,3.424775440663614,43.43194705728276,4.698561519851635,4.071536562850577
2016-12-14T00:00:00+08:00,4798.5026,21.233200502298484,74.57207778570621,43.223428485117644,73.21681981972829,71.53224845061959,2.040986564537263,3.4031794366339607,43.223428485117644,4.652385422419073,4.040349670936593
2016-12-13T00:00:00+08:00,4829.2446,21.349362902339625,75.27385406329088,43.50478442335216,73.75584045615084,72.10404120348305,2.052303433693076,3.421716138148521,43.50478442335216,4.681771427639056,4.0671283969275525
2016-12-12T00:00:00+08:00,4818.2879,21.34324664324383,75.50724472409505,43.38153529133938,73.60622482593824,71.74043731600875,2.05042848772112,3.4069900397829356,43.38153529133938,4.6566059402619215,4.064163428357658
2016-12-09T00:00:00+08:00,5006.607,22.045994381249788,79.14512369801999,45.308514724067734,78.16193617735495,76.27361720009536,2.1181814816417477,3.5720074281765415,45.308514724067734,4.932510640937839,4.284746363933603
2016-12-08T00:00:00+08:00,5000.3129,21.966727050700406,79.1196563905787,45.31949292336901,78.58149215271305,76.64205221362131,2.111109796662957,3.575816172481745,45.31949292336901,4.976368185504117,4.301998648066945
2016-12-07T00:00:00+08:00,5018.4281,22.04555764554703,79.57807434608245,45.54148162585126,78.74815025704757,77.1608185031752,2.1186831306038463,3.594831225430662,45.54148162585126,5.008747651358293,4.315230080532114
2016-12-06T00:00:00+08:00,4977.1688,21.885402917174282,78.88680319770475,45.10765079893585,77.97755273439554,76.23267166380023,2.1037237056221163,3.553492392444151,45.10765079893585,4.95743882665231,4.285560315152834
2016-12-05T00:00:00+08:00,4977.0288,21.90587698393569,78.95979327659425,45.088403607820815,77.93128170262547,76.0823907422506,2.1059994653304055,3.5509465206636475,45.088403607820815,4.940890657750193,4.259855830045852
2016-12-02T00:00:00+08:00,5030.2717,22.13797067315624,81.03192817606345,45.46014134579033,78.12860890435144,77.175271858361,2.1274328694137177,3.581439358856876,45.46014134579033,4.969994977308595,4.288450246944539
2016-12-01T00:00:00+08:00,5100.0525,22.3763000950065,82.54942329834341,46.18221094654879,80.11869089743008,78.66770785080374,2.1508647474335607,3.6417907815564883,46.18221094654879,5.060966998256196,4.360830112497295
2016-11-30T00:00:00+08:00,5068.8671,22.237510035269718,81.98098068965507,45.887726948217846,79.88099140752715,78.42878337140642,2.1375401406781305,3.616849120986313,45.887726948217846,5.037785692825307,4.341695231337582
2016-11-29T00:00:00+08:00,5094.9903,22.39489911255482,82.27975172062459,46.12189252218078,80.0315514178578,78.70857231833546,2.152728333207739,3.638981314989921,46.12189252218078,5.041566984601932,4.339517508446033
2016-11-28T00:00:00+08:00,5107.0204,22.421291669728188,82.61941455810722,46.394119133885965,81.20393800609637,79.26960067391002,2.155412671721427,3.674189204429218,46.394119133885965,5.107923766248233,4.396941630160913
2016-11-25T00:00:00+08:00,5096.934,22.360307548107016,82.5473918938038,46.334033747192734,81.39082426703557,79.42260002690114,2.1495098579000285,3.6688301260656893,46.334033747192734,5.132895959090058,4.397772571709783
2016-11-24T00:00:00+08:00,5069.8288,22.229094157359032,82.04632247250102,46.11907751416437,80.96172782387015,79.18596576962764,2.1369138721308567,3.658260325373673,46.11907751416437,5.1133163710098515,4.391608188593562
2016-11-23T00:00:00+08:00,5074.3253,22.255666320316834,82.0819612393211,46.19610552794624,81.41521342150395,79.99181270508831,2.139491155370874,3.667801197961318,46.19610552794624,5.154369119380299,4.415255167950795
2016-11-22T00:00:00+08:00,5086.5149,22.311679687528425,82.53438069052117,46.3713965837952,81.83597819047164,80.14247088640448,2.145027618771464,3.6886424182990596,46.3713965837952,5.191973324090799,4.429107313022547
2016-11-21T00:00:00+08:00,5044.8991,22.110684444798014,81.92819272778416,45.99773015235333,81.00395456817479,80.01553207887976,2.1257976984665525,3.6545534500080525,45.99773015235333,5.147390818128401,4.399160206275319
2016-11-18T00:00:00+08:00,5022.1615,21.96330145374725,81.29811130576071,45.738509343383065,80.0459529089419,79.18772814057675,2.112448071018639,3.637570707413316,45.738509343383065,5.128416801432315,4.381825249056294
2016-11-17T00:00:00+08:00,5044.1441,22.0449602907966,81.37724477984573,45.87886232570042,79.76182672898258,79.04934107422024,2.1208899162644026,3.654167670123269,45.87886232570042,5.130780706919572,4.4072495865171
2016-11-16T00:00:00+08:00,5047.2314,22.06610969035514,81.65339702759668,45.93447231156825,79.97305688841979,79.04734531514828,2.1230930695565813,3.6577338812041087,45.93447231156825,5.153054767106611,4.4112874625336325
2016-11-15T00:00:00+08:00,5044.4789,22.057738852053784,81.57527492172575,45.933681253167556,80.30128237729171,78.83444807562307,2.122478704067283,3.657971363704683,45.933681253167556,5.1484673856188685,4.415452317475715
2016-11-14T00:00:00+08:00,5030.263,22.022260520925133,81.19007664971708,45.761985838824,79.89194138617205,77.93395452403495,2.119719594061697,3.649490241051632,45.761985838824,5.126588665141565,4.397528022676616
2016-11-11T00:00:00+08:00,5012.472,21.928741523991995,80.99623374078041,45.591009047450534,79.64316737666141,77.92813028963752,2.1111733907218855,3.6324096189860264,45.591009047450534,5.114932633777846,4.393313813472005
2016-11-10T00:00:00+08:00,4980.2403,21.78239529144569,80.70344140344599,45.32662861594153,79.20100479648701,77.8900225806172,2.0972928671133144,3.603385253357262,45.32662861594153,5.096706774901829,4.373070708849022
2016-11-09T00:00:00+08:00,4918.4507,21.51152156521204,79.38719983950992,44.675505649836325,78.28360997208237,77.02405712099886,2.0715194342707193,3.5511082949780235,44.675505649836325,5.025596487996717,4.302383733979458
2016-11-08T00:00:00+08:00,4949.2958,21.649649009643063,80.23817891270367,45.04986995072517,78.86097591783867,76.90592738953288,2.084955236207109,3.5753092013540675,45.04986995072517,5.059875187004111,4.344767805383757
2016-11-07T00:00:00+08:00,4923.6553,21.537688771429792,79.60768002509062,44.793384857599996,78.11316573339194,76.73911942847565,2.0745414921921097,3.5563839232248955,44.793384857599996,5.023936791691078,4.3066125431841105
2016-11-04T00:00:00+08:00,4919.6243,21.508160657620227,79.78750227721619,44.764921670239566,78.03811900729893,76.83785909832434,2.0720416197226355,3.5478423949635425,44.764921670239566,5.013271216258546,4.337100320399875
2016-11-03T00:00:00+08:00,4934.2516,21.55583868624582,80.12656702440438,44.89232683887314,78.14243097134059,76.48831170885023,2.077091266420465,3.5556444291175313,44.89232683887314,5.019719094791663,4.339021114205398
2016-11-02T00:00:00+08:00,4897.74,21.39460562360565,79.45752381293873,44.57166181145436,77.65738601165,75.73862980730556,2.0620727279495537,3.5290695127106093,44.57166181145436,4.984490521509607,4.324461369200708
2016-11-01T00:00:00+08:00,4931.7585,21.53935817816583,80.259935990333,44.88733020220715,78.25720815574094,76.45475208862942,2.0761492079586477,3.554395353455647,44.88733020220715,5.012977948689076,4.337050848582514
2016-10-31T00:00:00+08:00,4887.2395,21.37233332161961,79.42498610943264,44.447874803993194,77.26550107377211,75.95555907137177,2.0584558606745804,3.5199120544538895,44.447874803993194,4.934584554637988,4.276036601022918
2016-10-28T00:00:00+08:00,4890.5454,21.69734356096231,82.80782286012267,45.186452620053025,79.73464172855307,78.35334268326037,2.1134477572627524,3.545066702852381,45.186452620053025,4.966593191614356,4.285252511922455
2016-10-27T00:00:00+08:00,4920.9931,22.05931735072538,86.03639922848798,46.20335369073319,81.78984903848801,80.33369591867512,2.139255786587706,3.5903513391910247,46.20335369073319,5.037897700661005,4.379023297062716
2016-10-26T00:00:00+08:00,4928.1488,22.158439136228548,87.36423316857763,46.62789273853368,82.89228610417956,81.01175422169155,2.1491798541213645,3.604265947863641,46.62789273853368,5.062982036743865,4.3985897397499
2016-10-25T00:00:00+08:00,4947.8047,22.30062392727064,88.57855962590752,46.95798157842707,84.21074293497614,82.14831330438477,2.1601195003016147,3.6221539985764664,46.95798157842707,5.091246555736729,4.426403631050668
2016-10-24T00:00:00+08:00,4935.4358,22.373972868141088,90.28257668208498,47.03377765035239,84.37131018590652,82.19817494241317,2.157142362029968,3.610302156425936,47.03377765035239,5.069262445900765,4.405017123812419
2016-10-21T00:00:00+08:00,4887.9086,22.14532625737833,89.94701363486773,46.6259767906153,83.36707241440902,82.22583434083586,2.1372929661838485,3.5793218367606983,46.6259767906153,5.048638829044138,4.384648137290617
2016-10-20T00:00:00+08:00,4895.3291,22.198879287218737,90.77726535316592,46.85283690898834,84.25543215434729,83.41819687092328,2.141307816915094,3.593510548475609,46.85283690898834,5.057299026789959,4.417050683098404
2016-10-19T00:00:00+08:00,4886.1995,22.170593188355706,90.43927989474366,46.76565508923507,84.11636437653567,83.36230685245364,2.139131369678706,3.588796884306205,46.76565508923507,5.054800995257501,4.398889604627447
2016-10-18T00:00:00+08:00,4892.0259,22.20472198052094,91.0751847049572,46.89008134696003,84.46347592795549,83.53306134062939,2.1407190069654947,3.590592441797966,46.89008134696003,5.0441416260183045,4.399118082264923
2016-10-17T00:00:00+08:00,4822.9898,21.90670467272822,89.7344420773335,46.183226025347984,82.85088271792088,82.60679969214229,2.1116359255837938,3.5376327629110635,46.183226025347984,4.970366210927987,4.351832638948423
2016-10-14T00:00:00+08:00,4865.1669,22.076064528384684,90.92090147858178,46.6248138352153,83.82659938923402,83.20988370180632,2.1283454279095237,3.5699180383983897,46.6248138352153,5.029784035285705,4.392702701984088
2016-10-13T00:00:00+08:00,4868.1079,22.080356359447467,90.85088986890246,46.65235761419149,83.90890497620926,82.77206324798476,2.1286980289456054,3.5732098079789725,46.65235761419149,5.03471413153983,4.394096216627753
2016-10-12T00:00:00+08:00,4862.1479,22.051196182074957,90.83230014137825,46.5627007889139,83.9573230615404,82.37588276903207,2.1271816388842666,3.5675657669401057,46.5627007889139,5.038677669270206,4.410448537486843
2016-10-11T00:00:00+08:00,4864.4438,22.057239780049805,90.42446808808003,46.52259889082738,83.72975322611902,81.88335133244593,2.129529256615489,3.567816530999618,46.52259889082738,5.025927126821221,4.397039450721267
2016-10-10T00:00:00+08:00,4837.6447,21.942565370089714,90.11830817034,46.31506995451852,82.90818823923888,81.70154859537604,2.1193080399341437,3.546703502117726,46.31506995451852,4.988610359526232,4.3816492817943615
2016-09-30T00:00:00+08:00,4757.4047,21.592140434527916,88.24618387664536,45.54226737715758,80.9381109801711,79.29756129036869,2.085628058370372,3.4868464444647262,45.54226737715758,4.884235999900657,4.2800632754173655
2016-09-29T00:00:00+08:00,4738.0113,21.511592061297844,87.98961824628765,45.34318846578101,80.54704408679545,79.01902091596172,2.0786831785159157,3.4723030408484226,45.34318846578101,4.860665447672486,4.267174127809684
2016-09-28T00:00:00+08:00,4720.9913,21.429881775835447,87.70411916577487,45.18211960803574,80.40448410507545,78.79250200930299,2.071083246979891,3.458506592337566,45.18211960803574,4.838855401732402,4.259131696705978
2016-09-27T00:00:00+08:00,4730.5014,21.480728281054255,88.05298393261917,45.27238060297277,80.29927570182379,78.68521189396111,2.0763319679783985,3.4663263220934413,45.27238060297277,4.855485552119854,4.265958722673272
2016-09-26T00:00:00+08:00,4699.2484,21.32176923192873,87.16028732918551,44.91956003267393,79.84989087287569,78.03972205069645,2.06332164506568,3.4410593141320636,44.91956003267393,4.815485143080731,4.248097626498767
2016-09-23T00:00:00+08:00,4790.9012,21.683146010413083,89.44304050195315,45.83634988583299,81.83503615011875,80.28780218765709,2.099922986435101,3.5163592565158135,45.83634988583299,4.940678944257363,4.336292603874389
2016-09-22T00:00:00+08:00,4810.0813,21.753202609618814,90.19450622670128,46.006956418849896,82.49948943633541,80.78951011191609,2.106663182667356,3.527841396761049,46.006956418849896,4.953135961407157,4.348880276804914
2016-09-21T00:00:00+08:00,4779.2139,21.613008815954846,88.97584104156337,45.727454997737446,82.30928764820071,80.60584228120516,2.094255974477915,3.509220364803331,45.727454997737446,4.932925965662012,4.313914687601404
2016-09-20T00:00:00+08:00,4768.6168,21.568910235861807,88.83174807442155,45.63578787798873,82.36238272290859,80.23371983219536,2.0890237538900385,3.5016139798374404,45.63578787798873,4.923835482644974,4.326886470103224
2016-09-19T00:00:00+08:00,4772.1754,21.576025439338174,88.89510995798817,45.622004635097824,82.33743827718374,80.41952950871969,2.0916105893260033,3.5030382142905467,45.622004635097824,4.9293052801021195,4.325468492770595
2016-09-14T00:00:00+08:00,4726.5048,21.38844574741386,88.05672568738765,45.13729376634359,80.65966199817089,79.2198030955549,2.0733431669937,3.465477695230926,45.13729376634359,4.8759058008485106,4.264750020047946
2016-09-13T00:00:00+08:00,4753.8951,21.510033055031222,88.76189641911989,45.410810691280226,81.32388831069713,79.69664223732642,2.0861855550765296,3.4835392100184053,45.410810691280226,4.881530539102923,4.288568705647968
2016-09-12T00:00:00+08:00,4735.6199,21.45517322163272,88.37904858616751,45.16449925189595,80.3831797440822,78.94841926021944,2.0808999404519004,3.458344924952474,45.16449925189595,4.843022322978467,4.243748551626227
2016-09-09T00:00:00+08:00,4852.0685,21.93924070184541,90.46531052662066,46.344093478139406,83.07693644596586,81.65931110846373,2.128671035561322,3.5583837449724562,46.344093478139406,4.994877940058134,4.38963801505234
2016-09-08T00:00:00+08:00,4883.979,22.061924695535886,91.42282253880713,46.662036802853315,83.60089265066865,82.45644097811557,2.141360334861065,3.5849650940895716,46.662036802853315,5.033903362483096,4.417439738232648
2016-09-07T00:00:00+08:00,4873.107,22.016926918959786,91.19222788122065,46.48252686559199,83.32169061828044,81.85374860754054,2.137835221410523,3.5718771094483124,46.48252686559199,5.020427441869118,4.378888180065846
2016-09-06T00:00:00+08:00,4873.5706,22.02423005573216,91.1751793781934,46.47507243704364,83.5163877645034,81.51074125891127,2.1385075429997937,3.5692592155822145,46.47507243704364,5.030245648230552,4.3674524856522075
2016-09-05T00:00:00+08:00,4817.0798,21.817402023228517,89.3870694362502,45.861908509090135,82.26007920884354,79.99329482103596,2.119200444444395,3.5216081124041936,45.861908509090135,4.945579303919245,4.300742185935945
2016-09-02T00:00:00+08:00,4799.6202,21.74563835479058,89.21957437543111,45.67599922970414,82.19993368546446,79.85102126371633,2.113555541870654,3.504919425005185,45.67599922970414,4.925139995861247,4.304631124049124
2016-09-01T00:00:00+08:00,4803.1427,21.752359602747184,89.5557645154913,45.766045601437575,82.34373357771683,80.52676077061949,2.115611261791955,3.513313812848215,45.766045601437575,4.958361634640256,4.325682285098409
2016-08-31T00:00:00+08:00,4839.9956,21.901295790072492,90.18708578175153,46.096263728174925,83.06198693572026,81.13628684692235,2.130891469161628,3.5442336553900953,46.096263728174925,5.002817530627901,4.3683833514896335
2016-08-30T00:00:00+08:00,4827.8106,21.83619706677765,89.80209989057894,46.01318280815176,83.07108669528817,81.3273866821543,2.1279992478670433,3.540515345643782,46.01318280815176,4.9948497451424885,4.358071094729886
2016-08-29T00:00:00+08:00,4824.8001,21.66938945635715,89.95741831524401,46.0995596142866,83.04971488737489,80.85009011641199,2.128737698647349,3.5470088539734035,46.0995596142866,5.00923028761345,4.372360914636996
2016-08-26T00:00:00+08:00,4817.5706,21.441167278428168,90.00890071958842,46.02443502620994,84.27427208112837,81.022957288139,2.1300290563482696,3.5409022103216343,46.02443502620994,5.010122542263395,4.368279436415946
2016-08-25T00:00:00+08:00,4807.9962,21.272660486154546,89.75321506436939,46.004603116552346,84.96516596419787,81.06526420541609,2.135838024509053,3.536702003041618,46.004603116552346,5.011317930600815,4.347356130245964
2016-08-24T00:00:00+08:00,4839.6235,21.355612005556956,91.15523135200183,46.39069562862081,84.8524575679151,81.99169745229345,2.1517908346204075,3.5656103191291195,46.39069562862081,5.038506428607434,4.390856171349735
2016-08-23T00:00:00+08:00,4839.3618,21.375408123314706,91.09046947101287,46.55222070649694,85.06860595615586,81.43767527564397,2.1532331734446295,3.564508710998712,46.55222070649694,5.035284064401272,4.379251563750563
2016-08-22T00:00:00+08:00,4831.484,21.28819230026386,91.12274596337845,46.47348481189387,84.8911910127331,82.41096363184693,2.1519533619146016,3.566020115326799,46.47348481189387,5.033209212310758,4.384267448621872
2016-08-19T00:00:00+08:00,4882.4273,21.450906461926966,92.22332259638242,47.070269607716895,86.74848254126188,83.32112582898914,2.1728950718074667,3.612317410888358,47.070269607716895,5.111379330602848,4.473403547385027
2016-08-18T00:00:00+08:00,4876.9329,21.442052395894464,92.06315361686228,47.148518320527764,87.16435149746601,83.31991437331466,2.170633411253108,3.6129649341509364,47.148518320527764,5.1039954447911455,4.457386559134291
2016-08-17T00:00:00+08:00,4881.8106,21.508866763391175,92.22567725176944,47.194444977504645,87.12611910337418,83.08294829801528,2.1762920980561273,3.614980878681601,47.194444977504645,5.112578139919671,4.4707450016125225
2016-08-16T00:00:00+08:00,4875.1185,21.503956562602678,92.46883181268849,47.09524953848184,86.63004043633879,82.54389922613956,2.175122428945775,3.6050663138155716,47.09524953848184,5.089305678810997,4.424718406241868
2016-08-15T00:00:00+08:00,4866.1813,21.529187745552694,93.29794263828462,47.03027007890036,86.61045872020648,82.87978799627528,2.1785033917647443,3.5916741107599397,47.03027007890036,5.066211348545475,4.403894475399791
2016-08-12T00:00:00+08:00,4745.2062,21.00529430539542,90.40035520444884,45.95599694275292,84.95691521659,80.74233663777316,2.126924038247308,3.516980657668063,45.95599694275292,4.951746722127153,4.320255475679751
2016-08-11T00:00:00+08:00,4680.3242,20.720024898371303,89.10984043386615,45.377729941111106,84.04501082424352,80.31040884503875,2.096492463630794,3.472890162867419,45.377729941111106,4.903149944390947,4.292774401070239
2016-08-10T00:00:00+08:00,4727.33,20.884157424807626,90.35372710959822,45.9667277648824,85.52223373976678,81.4991279455825,2.1127934327155793,3.521312543229309,45.9667277648824,4.995482662945954,4.353418018642563
2016-08-09T00:00:00+08:00,4743.892,20.936275975126122,91.36596974458081,46.21101980261218,85.76477855773257,81.38798344911227,2.118647099712468,3.5326580322104855,46.21101980261218,5.002090015233184,4.364184591982161
2016-08-08T00:00:00+08:00,4702.5657,20.770590235135312,90.51677282370437,45.88177073963786,85.10659165299377,80.68047755869831,2.1020544149655565,3.5052799150415908,45.88177073963786,4.933828905967461,4.3186678571172115
2016-08-05T00:00:00+08:00,4653.3421,20.547483657398192,89.45520240914416,45.39694267457197,84.0245232347473,80.39127927965555,2.0819600049711533,3.4606573100319458,45.39694267457197,4.88417452222015,4.2664812973792685
2016-08-04T00:00:00+08:00,4665.2271,20.599308562307748,89.93764615224354,45.58243889482287,84.5589020646057,80.39437366785539,2.0864929943955537,3.4732759369796438,45.58243889482287,4.932931540708776,4.292162662137515
2016-08-03T00:00:00+08:00,4641.8822,20.527266944602687,89.9241164783122,45.35734374050605,83.98349685494455,80.05671841987748,2.0797182427608165,3.4585109210872336,45.35734374050605,4.907181556684293,4.255003255840606
2016-08-02T00:00:00+08:00,4627.0271,20.457093537609325,89.07626160781683,45.13215963924912,83.88709605452722,79.02758820173646,2.074103054073749,3.4401260430211806,45.13215963924912,4.889419020474161,4.2413782301214695
2016-08-01T00:00:00+08:00,4595.0077,20.33367580448839,88.15274446340241,44.72260612481831,82.83284299669607,78.54533603041703,2.061679021142645,3.4097929424206486,44.72260612481831,4.840463713906405,4.2109831501647825
2016-07-29T00:00:00+08:00,4652.7128,20.56026571845492,90.0762655842502,45.35517513090223,83.85570663837217,79.68843294136065,2.0845175557008275,3.463165895910338,45.35517513090223,4.928170684191703,4.294596116911105
2016-07-28T00:00:00+08:00,4682.343,20.65797863589102,90.56167915025227,45.59895255679777,85.15595854719419,80.17129261822456,2.0938920911589607,3.4850841885249344,45.59895255679777,4.963326954563894,4.331691672788978
2016-07-27T00:00:00+08:00,4683.7956,20.681790127785767,90.46228546497306,45.487108836667126,85.19552332623297,80.38827088613209,2.0950948774688594,3.4818105590131525,45.487108836667126,4.985866296507435,4.347980584726967
2016-07-26T00:00:00+08:00,4840.1741,21.272329552752804,93.76954004673291,47.11189912223829,89.52517834155564,85.07068771036211,2.156546920892764,3.6278844745828627,47.11189912223829,5.258334388186004,4.581712990296479
2016-07-25T00:00:00+08:00,4781.7487,21.026862073118092,92.45131184866874,46.47026841737771,88.50543242565152,84.08595624414741,2.1318438773891955,3.5847165596249018,46.47026841737771,5.1772085880637375,4.518242238363764
2016-07-22T00:00:00+08:00,4775.4995,20.995341230579463,92.33857165338878,46.36266669721879,88.57157251818379,84.45018856412347,2.131152362403999,3.577299127336819,46.36266669721879,5.180343904419151,4.519201996685923
2016-07-21T00:00:00+08:00,4816.6499,21.179578056155176,93.34748510430941,46.81060865394375,89.7127392875478,85.45622651345386,2.1498012900085177,3.611046912787481,46.81060865394375,5.231860666163621,4.5615092948743055
2016-07-20T00:00:00+08:00,4801.6138,21.12991378918328,92.82737158178192,46.68521681005217,89.54192337341517,85.15382875486897,2.1444691918715297,3.603390132943349,46.68521681005217,5.2366097047911175,4.568391256839128
2016-07-19T00:00:00+08:00,4808.1265,21.165938960330365,92.84278035057964,46.71538572854473,89.2031582564537,85.31135771484719,2.1481515540480296,3.6054811204705226,46.71538572854473,5.241365073860396,4.546268089793583
2016-07-18T00:00:00+08:00,4803.7593,21.18377774804771,92.90832273713522,46.64114292224994,88.72663389000378,85.04914016382124,2.147615910890864,3.594472984426949,46.64114292224994,5.200810473300487,4.530819693827482
2016-07-15T00:00:00+08:00,4824.8528,21.24971307241713,93.12415054792476,46.814202211263236,89.61312098182185,85.00942886799315,2.1551302358893376,3.6146202957947273,46.814202211263236,5.225504340793975,4.529190495895505
2016-07-14T00:00:00+08:00,4836.2337,21.26659598348388,93.59997839939739,46.87595281065284,90.1038369770499,85.71966862163032,2.1557324602153427,3.6230522960885447,46.87595281065284,5.243786220754365,4.538272118234028
2016-07-13T00:00:00+08:00,4835.8987,21.273521345616917,93.32678053767945,46.841589001730384,89.56765871779446,85.18494813933575,2.157127222089543,3.6196935551694245,46.841589001730384,5.231813856968843,4.533144588814297
2016-07-12T00:00:00+08:00,4808.2706,21.147786658510842,92.71535718671988,46.525854712256574,88.8886138910022,84.40966852685465,2.1404117466133306,3.5957794194600634,46.525854712256574,5.196839561412407,4.506677741427136
2016-07-11T00:00:00+08:00,4738.8151,20.81549067555939,91.35853481283944,45.78488606111033,88.35420285724102,84.06509543202424,2.1062921839435322,3.547278335756896,45.78488606111033,5.150007248076527,4.467104761060591
2016-07-08T00:00:00+08:00,4741.7503,20.80139849489389,88.83871598435195,45.90184421197889,90.05166494738474,84.89528481747755,2.1071841848005155,3.5473292554056464,45.90184421197889,5.18111550052244,4.481840628192815
2016-07-07T00:00:00+08:00,4759.8565,20.93043781456338,88.92382358580365,46.011121955532595,90.2773407744248,84.94662052877852,2.111057801090444,3.5559696602868223,46.011121955532595,5.175607841880765,4.489996817042942
2016-07-06T00:00:00+08:00,4759.2174,20.921256515016037,88.92574241254323,45.9882114964047,88.78302392311504,85.00141232009508,2.104902034743987,3.548023257239394,45.9882114964047,5.177138248685231,4.475464834385911
2016-07-05T00:00:00+08:00,4740.6284,20.847763733942685,88.32609596268034,45.784172723380216,89.09235023480514,85.05336713015096,2.0968257327369653,3.532490860656197,45.784172723380216,5.139921665948182,4.433842484622434
2016-07-04T00:00:00+08:00,4725.5223,20.760470643322144,87.83515242961958,45.54408117776042,88.46385947914577,84.21823686788764,2.087376391002956,3.507642026352872,45.54408117776042,5.102066917790413,4.402527382946927
2016-07-01T00:00:00+08:00,4644.6109,20.424582732297193,86.08150507623786,44.69693363782648,86.67125123487016,82.53134965575549,2.0522275016401137,3.4395920601192227,44.69693363782648,5.018693190272568,4.3265177013581075
2016-06-30T00:00:00+08:00,4650.6227,20.220781725080894,86.40845803056723,44.244685328334356,86.66093949374066,82.25072673941119,2.030548806216203,3.3997027202457706,44.244685328334356,4.900225822751816,4.290762206721862
2016-06-29T00:00:00+08:00,4648.7955,20.228666584726085,86.32873865674155,44.200210008322436,86.7713155984917,82.15032427928035,2.0256054497482845,3.3979390752815712,44.200210008322436,4.9191532628886705,4.300552249072728
2016-06-28T00:00:00+08:00,4632.5833,20.156505088240426,86.35659527959449,44.10373829823045,86.32956645853419,82.03477646962538,2.017848759684126,3.387571388278272,44.10373829823045,4.91597464048999,4.288399547859711
2016-06-27T00:00:00+08:00,4595.0952,19.997315661096405,85.38447015961964,43.653354398050624,85.43800945253926,81.20050340220146,2.002096685237343,3.3562325171984315,43.653354398050624,4.86349073876275,4.260159582795381
2016-06-24T00:00:00+08:00,4505.9553,19.645020929055335,83.56956357911166,42.796317612288,83.17201535398577,78.67727150703483,1.967607461358071,3.2870470471955837,42.796317612288,4.744936206769516,4.156968539625189
2016-06-23T00:00:00+08:00,4554.4893,19.868413110503784,84.61524813046492,43.276603083269876,84.51118012423287,79.06085706657757,1.98378314846095,3.323340610486664,43.276603083269876,4.785730016662008,4.1742051258999
2016-06-22T00:00:00+08:00,4575.4644,19.939369760576067,84.9586835366842,43.46810199774937,84.718462712423,79.15111773025976,1.9894674419794804,3.33726883369332,43.46810199774937,4.787866980669777,4.1894638358665715
2016-06-21T00:00:00+08:00,4515.1667,19.698718231718892,83.61055072040688,42.850302026233194,82.74713990911856,77.88636772618939,1.9657761410067203,3.2864833112073257,42.850302026233194,4.727118973692627,4.122746925792423
2016-06-20T00:00:00+08:00,4548.5347,19.817333303236612,84.04251178050744,43.14265420942735,84.55925656632178,79.10114420567587,1.977565024535077,3.3138185047505453,43.14265420942735,4.76720219573193,4.1635813152721095
2016-06-17T00:00:00+08:00,4538.498,19.770923929042567,82.95888922379503,42.96749322071424,84.31999593747798,78.4332344270374,1.973150132627482,3.30755721131008,42.96749322071424,4.736478880878625,4.145744167132502
2016-06-16T00:00:00+08:00,4512.4567,19.66426065804247,82.48598449047618,42.66184099620569,83.69198192729817,78.17462467421312,1.9608240376894381,3.2801325927317397,42.66184099620569,4.718644498951291,4.102305939236966
2016-06-15T00:00:00+08:00,4526.7363,19.738975910668003,82.92923826413468,42.84853608401435,83.6137724906057,77.90129491338702,1.9673992827036761,3.287473365301716,42.84853608401435,4.701213887075685,4.111480530400314
2016-06-14T00:00:00+08:00,4416.4555,19.337923564048747,80.60498865300868,41.706952384630036,80.11440635683653,74.88671046547816,1.927232739167313,3.1967766294050897,41.706952384630036,4.561421189863019,3.956647803462799
2016-06-13T00:00:00+08:00,4401.3208,19.275636387392368,80.09477061175124,41.55007287741772,80.33407056246773,74.79110510180354,1.9214043076852618,3.188138842622033,41.55007287741772,4.5318103057121295,3.958843161583409
2016-06-08T00:00:00+08:00,4587.3905,20.018156023315,84.16983438729969,43.44629063595404,84.59510156863418,79.35681652119082,1.9952481332371597,3.335614433841998,43.44629063595404,4.774554092850302,4.170932679175511
2016-06-07T00:00:00+08:00,4601.1052,20.076104688139107,84.50129947615501,43.60303781702784,83.98213192299633,79.20716974361203,1.9998252109746426,3.3459076726058377,43.60303781702784,4.78793847492933,4.1885967936674415
2016-06-06T00:00:00+08:00,4599.4223,20.054324526059393,84.09401887234766,43.51782592374175,83.97835722535345,78.92498506126803,1.9982639453490836,3.344620531982039,43.51782592374175,4.770175803185245,4.186962361631072
2016-06-03T00:00:00+08:00,4597.341,20.0361319615989,83.80169744466663,43.38864903207028,83.77428703906449,78.62945674579096,1.998418411790885,3.3407610965133463,43.38864903207028,4.774347759228923,4.1597298274808985
2016-06-02T00:00:00+08:00,4574.8669,19.941935819054148,83.12689942878293,43.181145301570616,83.51856381702225,78.14919927164422,1.9886210899265837,3.330087855037145,43.181145301570616,4.75325562107345,4.146240715236159
2016-06-01T00:00:00+08:00,4545.7611,19.829254270721435,82.58055491318606,42.87263445291149,81.79640759286588,77.36038789722589,1.9773010737243357,3.301457432291088,42.87263445291149,4.696114194972193,4.097241809977062
2016-05-31T00:00:00+08:00,4532.8507,19.790677692885623,82.35978401844237,42.73669472130163,81.157331470663,76.7870622153646,1.9733223298924605,3.2858047333948575,42.73669472130163,4.6606304265857466,4.0668699697034345
2016-05-30T00:00:00+08:00,4368.6869,19.113823864274785,78.71262227819237,41.10696564621494,77.79884683934789,73.48717138954976,1.9052474649140725,3.1620123915747995,41.10696564621494,4.471616092267205,3.901971783570112
2016-05-27T00:00:00+08:00,4378.0913,19.1391802041481,78.9433808250586,41.25699870046604,78.23351665307018,74.07755180836828,1.9078571219261857,3.176192794219036,41.25699870046604,4.491206478888774,3.910904888210034
2016-05-26T00:00:00+08:00,4381.2085,19.148838240710422,79.02413709764389,41.2504796507004,78.58507470034273,73.29206018978293,1.9088941060475733,3.174754428466516,41.2504796507004,4.495924095502439,3.899874745565993
2016-05-25T00:00:00+08:00,4366.3722,19.083412291700093,78.75989226365243,41.12743162817902,77.54675631511135,73.27733696673167,1.9026475155939881,3.163555049732876,41.12743162817902,4.4671872648686755,3.8914476499602326
2016-05-24T00:00:00+08:00,4377.6691,19.12670528898179,79.07583690466882,41.206646218951256,77.85677844881673,73.69928441080481,1.907406303231505,3.169690892250026,41.206646218951256,4.471562414275131,3.9024342851725082
2016-05-23T00:00:00+08:00,4418.1358,19.27630526187519,80.03133856140732,41.621173745583725,78.61809768454026,74.07755180836828,1.9224070591970763,3.1994622446872536,41.621173745583725,4.525668702051753,3.942464665084689
2016-05-20T00:00:00+08:00,4374.1905,19.0977551756353,78.77117541270378,41.09635248373768,76.68408985951082,72.57278728708917,1.9044707267750236,3.156524384219286,41.09635248373768,4.445055282349903,3.8671357237057586
2016-05-19T00:00:00+08:00,4337.4501,18.942833510212722,77.83120287849246,40.668385346674704,75.99544022485489,71.52098043807167,1.8895422538939015,3.123777316418718,40.668385346674704,4.3763679160755125,3.82233505177198
2016-05-18T00:00:00+08:00,4325.7964,18.89363435653485,77.85501226554184,40.56702519370136,75.52944653966074,71.05512725590634,1.8851897089266971,3.11073210559039,40.56702519370136,4.345356312131563,3.797112339840777
2016-05-17T00:00:00+08:00,4411.9676,19.22164707970723,79.735261971969,41.62129528606375,77.88632876728971,73.71736110895054,1.9178032157687077,3.202718907025263,41.62129528606375,4.496145060581667,3.9147682195032893
2016-05-16T00:00:00+08:00,4420.8682,19.24236071136578,80.25017456415873,41.76161164479039,77.90668909769167,73.75641285629726,1.920451135832699,3.2103040668586527,41.76161164479039,4.500910145462325,3.928943032150092
2016-05-13T00:00:00+08:00,4363.0503,19.028800780616976,79.2859919392812,41.258100497827456,76.30582474867845,72.44739714217674,1.8986182568515917,3.1623944650519658,41.258100497827456,4.426654179737862,3.852023206629185
2016-05-12T00:00:00+08:00,4378.5427,19.085665249215268,79.75719564100658,41.42865600489492,76.51919575544117,72.63750350536176,1.9041661493115225,3.17189263806448,41.42865600489492,4.448272810440509,3.869307164463331
2016-05-11T00:00:00+08:00,4377.8439,19.09011385860705,79.48364853420631,41.43938641182748,76.42498787906243,72.69496262403784,1.904957570599452,3.1833323463233234,41.43938641182748,4.458055845865185,3.903417347353209
2016-05-10T00:00:00+08:00,4387.491,19.102673842828708,79.18880313476669,41.501632261377125,77.88208269575325,74.18030028650587,1.907249453344719,3.1990952483839195,41.501632261377125,4.498217501907072,3.927214195692284
2016-05-09T00:00:00+08:00,4391.4785,19.0870022942451,78.28111255373321,41.50166295977708,78.41467488396009,74.14972057763006,1.9073920493946974,3.2015502328764156,41.50166295977708,4.510353683505639,3.932082779570359
2016-05-06T00:00:00+08:00,4537.6426,19.673326365406403,80.86707618177402,43.015549062775406,81.5937801042106,77.60692952423823,1.9659572140829633,3.3377027584326417,43.015549062775406,4.713569281397396,4.116461933799157
2016-05-05T00:00:00+08:00,4696.7818,20.278525147595072,83.86048922405625,44.614560173349965,84.75755517910595,81.25336150187637,2.0276585126686366,3.47196877552065,44.614560173349965,4.904861358363117,4.30250025556481
2016-05-04T00:00:00+08:00,4676.3935,20.19113986351658,83.26573356248421,44.3900740228554,84.19128132016584,80.3803969776654,2.0193331489955537,3.4546620715144294,44.3900740228554,4.8574442195490635,4.2674460334773405
2016-05-03T00:00:00+08:00,4677.3277,20.19829064115592,83.20183249903017,44.32677296551032,83.3063096399549,79.95444088528296,2.020290603378804,3.4527693551537983,44.32677296551032,4.852400016600941,4.27840357834498
2016-04-29T00:00:00+08:00,4564.6675,19.706468097317316,78.02699344220075,43.29276312076736,82.12676366481924,78.11244820062832,1.9874013509265096,3.360887184382085,43.29276312076736,4.706595622112362,4.136614517467906
2016-04-28T00:00:00+08:00,4568.6579,19.455676283292476,76.25269431093412,43.748867511179334,84.06487915938274,78.61622111368246,2.0056169805553417,3.3708682167071085,43.748867511179334,4.723608286452032,4.129834505405386
2016-04-27T00:00:00+08:00,4579.5641,19.461062889336233,75.69464201165547,44.225333918845955,85.20191097622738,78.12773798652051,2.0127560375434275,3.3872530105411154,44.225333918845955,4.733060096718642,4.173280754953758
2016-04-26T00:00:00+08:00,4595.3986,19.529424845444186,74.81584617162571,44.50988646971554,85.7670736526982,78.52790957130348,2.0259412290256757,3.4037780260201895,44.50988646971554,4.7485006280879665,4.172567856696171
2016-04-25T00:00:00+08:00,4552.1421,19.310845723808875,72.84191631430194,44.19496017046321,84.39400010875019,78.17675156866551,2.0112451866585173,3.372345608024854,44.19496017046321,4.722885506185052,4.15074628033375
2016-04-22T00:00:00+08:00,4573.1799,19.39871032332222,73.54784445170526,44.374794727237,84.6931344356437,79.71438200984906,2.0217206760249558,3.3885108521601,44.374794727237,4.752887863154177,4.18575584276265
2016-04-21T00:00:00+08:00,4541.6794,19.342149018852528,72.67693058268438,44.047918065288115,84.39026240346949,79.83259656491497,2.010301709005502,3.367979530086987,44.047918065288115,4.717555700598439,4.141367956609454
2016-04-20T00:00:00+08:00,4585.1937,19.487517930265486,73.51895978975288,44.37191038750513,84.69099525395829,79.73579866887206,2.0287429990868646,3.399784187490247,44.37191038750513,4.786693071429897,4.183599775001453
2016-04-19T00:00:00+08:00,4748.9085,20.081590795268145,76.6871914622236,46.27577946384516,89.23757374176107,83.98837888794642,2.0945848648908862,3.559364205624114,46.27577946384516,5.032762361435325,4.414944415311227
2016-04-18T00:00:00+08:00,4732.4013,20.04836476984082,76.38761675619489,46.16434987466425,89.03381489463555,84.14015255444136,2.091006869578806,3.550169757607925,46.16434987466425,5.034855505781703,4.412640451054813
2016-04-15T00:00:00+08:00,4799.4224,20.270419728029783,77.08569244305657,46.853338646169405,90.62287365937522,86.02234544936955,2.1202431287087236,3.603089946266819,46.853338646169405,5.11245833194043,4.470931047113206
2016-04-14T00:00:00+08:00,4802.2386,20.29901399147777,77.15801320500773,46.9864500224128,90.73276859608073,86.22229533593514,2.123926320254132,3.6052530928539883,46.9864500224128,5.1016724468761545,4.45883420087385
2016-04-13T00:00:00+08:00,4763.0629,20.154373167116905,76.25822232024893,46.52909121421008,89.21132201688386,85.09559174570342,2.109053011227264,3.569674244772428,46.52909121421008,5.040442009602444,4.40609898895245
2016-04-12T00:00:00+08:00,4698.084,19.855172848270897,75.402703014891,45.792047556700055,88.22894890587588,83.53682000124294,2.0828913086030005,3.517293438202216,45.792047556700055,4.988393621072604,4.352645868206533
2016-04-11T00:00:00+08:00,4725.5249,19.957276313570688,76.42088908089808,45.98188841882087,88.94074656367847,83.76642014602714,2.094941762524653,3.536392504767296,45.98188841882087,5.038219365108815,4.389041802677444
2016-04-08T00:00:00+08:00,4640.2027,19.5809409420352,74.08971295946942,45.01771496378492,86.51675765187403,81.35029737828663,2.0596409377287177,3.4607356814504104,45.01771496378492,4.929696639554865,4.301476054274036
2016-04-07T00:00:00+08:00,4677.9879,19.73794454315046,74.75390098697086,45.31218807767645,87.27923335978261,82.71049224421535,2.076596003333217,3.4896619831363065,45.31218807767645,4.962309096271023,4.306337242452723
2016-04-06T00:00:00+08:00,4749.7534,20.03506767841738,76.25384412096318,45.98574318714393,88.24364064106504,84.2085798125045,2.1088523445367526,3.544854918623992,45.98574318714393,5.048098662278436,4.3784995954529125
2016-04-05T00:00:00+08:00,4738.2285,20.009124857304588,75.84602600498584,45.83066817355314,88.20086414121411,83.24688706303971,2.1061394418704906,3.5305248049008617,45.83066817355314,5.019191679156933,4.353739093929536
2016-04-01T00:00:00+08:00,4639.5624,19.642375770908128,73.81927885055842,44.74125364357322,85.60910041234763,80.53653180317941,2.068023432433128,3.4455256185965353,44.74125364357322,4.8936611615707095,4.234031691644621
2016-03-31T00:00:00+08:00,4650.4847,19.678048585786954,74.43958352895622,44.793234733613446,85.96932039707342,80.93809714970652,2.073384969156481,3.451176990372737,44.793234733613446,4.926450567533529,4.265196194351926
2016-03-30T00:00:00+08:00,4641.4686,19.51613317340761,72.52931163405579,44.59065401003672,84.99909616561105,80.04766574364133,2.086893785751665,3.4414257678409523,44.59065401003672,4.915767998536829,4.277466198208101
2016-03-29T00:00:00+08:00,4496.1751,19.03703116737728,70.02173517783751,43.08804549860997,82.4210051405689,77.10893641782292,2.0291034257325964,3.3318912593772767,43.08804549860997,4.73324870199297,4.123416404621469
2016-03-28T00:00:00+08:00,4568.7629,19.327524502144183,71.26831165427852,43.762400607617394,83.7870626331371,79.35816479914645,2.0624459899792984,3.3972244398393063,43.762400607617394,4.834207951982038,4.21513708019083
2016-03-25T00:00:00+08:00,4600.6479,19.444437457109725,71.54687771386953,43.98397555661068,84.03456025615652,80.4676897491006,2.0779904837085064,3.421295622634786,43.98397555661068,4.86895300971202,4.233347560311881
2016-03-24T00:00:00+08:00,4570.4765,19.278828511508,70.92012712979322,43.59411255091427,83.37946176742153,79.90938998794797,2.0673494951956704,3.3925226147597427,43.59411255091427,4.848929048318956,4.20680833529442
2016-03-23T00:00:00+08:00,4643.0294,19.482209125124196,72.26441181884557,44.19441052224313,84.89819335240828,81.34076640045495,2.1031242182326895,3.4499085670077347,44.19441052224313,4.918929990309065,4.278983120486599
2016-03-22T00:00:00+08:00,4610.1958,19.338197736544103,71.62308112401361,43.75596161072279,83.01329621669102,80.31219588507498,2.0907689428672995,3.4250450272344506,43.75596161072279,4.858471632993699,4.235895759028239
2016-03-21T00:00:00+08:00,4631.2287,19.42760539059404,71.70416708821129,43.94744047073748,82.84567458655295,80.52245087989034,2.102833375529227,3.444068398734284,43.94744047073748,4.877605974038722,4.24725200490324
2016-03-18T00:00:00+08:00,4514.1641,19.007252436080503,69.76599783340076,42.84098691784599,80.60372118989225,78.53560639917086,2.0564340653747704,3.35852550744227,42.84098691784599,4.7505885592897235,4.132429905610024
2016-03-17T00:00:00+08:00,4392.5355,18.645021071007523,67.50658210495646,41.48137269537026,77.45614283420768,74.8919474081898,2.0103907734164728,3.2514139496251224,41.48137269537026,4.555843079851517,3.9737486420790136
2016-03-16T00:00:00+08:00,4287.4165,18.280654839452648,65.49033730188307,40.279445986775116,74.33656485075055,71.52082850677945,1.9708237550667793,3.156438481152784,40.279445986775116,4.388521405377041,3.8482709050529467
2016-03-15T00:00:00+08:00,4303.3734,18.30212121831378,66.10686031413404,40.575218511147234,74.76966729973033,72.54787025933675,1.9754570844002548,3.1879986639971687,40.575218511147234,4.442425485560827,3.8971429209115986
2016-03-14T00:00:00+08:00,4317.6649,18.350149317896125,66.55251025383065,40.746868812602514,75.56193740164878,73.54697942083746,1.9803903314707716,3.2126121237838805,40.746868812602514,4.483548745577894,3.939285112565768
2016-03-11T00:00:00+08:00,4203.8925,17.92165616526386,64.02152864075944,39.43127635686471,72.2769567004657,70.4612217143061,1.9350647335581848,3.107714422024516,39.43127635686471,4.30837998037576,3.7890585476939513
2016-03-10T00:00:00+08:00,4207.4331,17.918493875958156,64.14254120182765,39.458999512340185,72.39073567825653,70.70756428164539,1.9339656977978783,3.112578773109774,39.458999512340185,4.320680486853915,3.795246350712172
2016-03-09T00:00:00+08:00,4283.7656,18.25512115019161,65.59799000599803,40.15326192034511,73.88620636812172,71.46342597176388,1.9698701835588828,3.1720123594777094,40.15326192034511,4.387264846124334,3.8580595154175965
2016-03-08T00:00:00+08:00,4361.6316,18.54728656781394,66.83851511782221,41.00510133759868,75.52199697846795,73.19285226909628,2.001361350244672,3.2559758499138978,41.00510133759868,4.4771619842448365,3.939261073486641
2016-03-07T00:00:00+08:00,4343.7795,18.488822142788234,66.4665505931802,40.86075602966297,74.70647409630718,72.2114152987225,1.9957692144334884,3.2392337019634128,40.86075602966297,4.438942159320908,3.899673597391555
2016-03-04T00:00:00+08:00,4280.6192,18.278907383577554,65.46791899138981,40.05540141161082,72.87197253822683,70.47973851277744,1.9732113912584517,3.164227006255093,40.05540141161082,4.3393092728040665,3.7773576298555565
2016-03-03T00:00:00+08:00,4340.9949,18.396357037720026,67.07954286114251,40.958437060206705,75.48565534490548,73.9337731503368,1.9858848869867256,3.2511052271615037,40.958437060206705,4.510941458461923,3.931696531742391
2016-03-02T00:00:00+08:00,4330.4674,18.368739882019234,67.23791502354167,40.859946531401526,75.82785359857391,73.60280200310757,1.982492208946655,3.242254213772297,40.859946531401526,4.520822366935091,3.9335490928749994
2016-03-01T00:00:00+08:00,4140.2688,17.61147103551018,64.43129472490159,38.86506149671012,72.10298183959523,70.46260034450819,1.899682152489707,3.07959176787274,38.86506149671012,4.314640022284262,3.741410825645999
2016-02-29T00:00:00+08:00,4056.6096,17.29333306105923,63.15211429596971,37.85922110455461,70.81563019600746,68.96201991606554,1.8647880976108213,3.0091281907525937,37.85922110455461,4.226214203656864,3.6543426678319424
2016-02-26T00:00:00+08:00,4241.591,17.9692089707717,66.748766878022,39.915653983835554,75.6220881002796,74.16796761269163,1.938007169387438,3.1842798407064437,39.915653983835554,4.529933065534186,3.9143677445286817
2016-02-25T00:00:00+08:00,4227.4597,17.872222368443328,66.38896673120986,39.723315064329235,75.58657830957497,74.86527468179405,1.9274736512216974,3.1703935724454158,39.723315064329235,4.562785646082131,3.914385887464179
2016-02-24T00:00:00+08:00,4550.3457,19.14709020487171,72.56346662515229,43.1483127467315,82.34598856156077,81.41193359131721,2.0652293350993007,3.449407669418691,43.1483127467315,4.9514824335706,4.280407644311951
2016-02-23T00:00:00+08:00,4528.7345,19.05159607125041,72.24160288461916,42.863476367781054,83.13594534242836,81.96949966179936,2.055326627652318,3.4257125043264,42.863476367781054,4.958631302943565,4.258579335163458
2016-02-22T00:00:00+08:00,4561.689,19.196204078932457,73.02541667002652,43.14355929959576,83.07816605614173,82.83346035052244,2.070911939149677,3.4406807514332742,43.14355929959576,5.000808813795918,4.278410144833712
2016-02-19T00:00:00+08:00,4466.1619,18.774723262489612,71.34398563685667,42.11537516151444,81.29231818893241,80.82179242837842,2.025754867523832,3.357730184161958,42.11537516151444,4.8839607306250485,4.184137494241839
2016-02-18T00:00:00+08:00,4453.3982,18.752648310921614,71.08552479815884,41.9958808275204,80.98156266188879,79.72251664621264,2.0234297339800484,3.3447575344431155,41.9958808275204,4.854725712057974,4.16342645631912
2016-02-17T00:00:00+08:00,4465.1662,18.794344958371216,71.34774933038328,42.07122304489743,80.57411288315414,80.13388490137031,2.0280963486522334,3.3472018863189934,42.07122304489743,4.860661920753326,4.156681770912129
2016-02-16T00:00:00+08:00,4412.0325,18.565079809107143,70.45397810529933,41.53933648614217,79.94335375159875,78.83651680983256,2.0043226582260094,3.3033546687205924,41.53933648614217,4.794267382529342,4.126259214644369
2016-02-15T00:00:00+08:00,4252.9029,17.92340882466782,67.54405047345074,39.91490500285339,76.48161116499995,75.13757426515903,1.9350143353494815,3.1709777850013547,39.91490500285339,4.578089257035949,3.960286581944472
2016-02-05T00:00:00+08:00,4261.1126,18.001555188236413,67.96622712206658,40.1096918388094,75.74722996540261,75.06273201752744,1.9436043761294144,3.181031662729585,40.1096918388094,4.581295489320233,3.9458892453282335
2016-02-04T00:00:00+08:00,4299.5391,18.155376762397598,69.18258897924093,40.50463375387921,76.78982614635038,76.39762721362027,1.9605351273530545,3.2146364375846646,40.50463375387921,4.630404956390272,3.9731617023988433
2016-02-03T00:00:00+08:00,4224.5214,17.858478573435686,67.87666511355985,39.69841453651891,74.92598354652903,74.40707814449215,1.928988240873585,3.14883987284994,39.69841453651891,4.520227819466695,3.8876599276521904
2016-02-02T00:00:00+08:00,4218.685,17.8684597149776,67.85669112623079,39.54781002992505,74.3936855939692,74.11726287622108,1.93099214274902,3.139436036283427,39.54781002992505,4.502552951939981,3.862278623327778
2016-02-01T00:00:00+08:00,4097.0781,17.406310073203603,65.5914857372562,38.30191228361644,71.75420684478351,71.2284058625989,1.881863510079156,3.0391241939471567,38.30191228361644,4.331996150963149,3.7292229906620364
2016-01-29T00:00:00+08:00,4154.9111,17.665165958383767,66.17179904142283,38.74021660635272,72.31934327783367,72.26861185934878,1.9108248403303398,3.0868869886923678,38.74021660635272,4.391186576739892,3.754859069208383
2016-01-28T00:00:00+08:00,4013.1212,17.10740951304633,63.36952278352812,37.29577652777738,69.4382688232786,69.69014383631382,1.850610613302197,2.9736144065305377,37.29577652777738,4.229054688651087,3.6173470840384474
2016-01-27T00:00:00+08:00,4169.1918,17.694072585534244,66.02335894619867,38.90252336574026,73.355477490141,73.06719926450525,1.9142044207190936,3.1168139815638023,38.90252336574026,4.4624798602362405,3.803368382041499
2016-01-26T00:00:00+08:00,4204.8792,17.801737778575536,66.84961586472218,39.34013663068923,74.29934138684679,74.20092648645274,1.9261360938480745,3.153281278965036,39.34013663068923,4.49167038262373,3.8589898919142143
2016-01-25T00:00:00+08:00,4514.4154,19.059619006307805,72.79272185483097,42.56641302663571,80.62651255642847,80.55773666983718,2.062351422321871,3.4181003562030985,42.56641302663571,4.8505991550066,4.191189096543798
2016-01-22T00:00:00+08:00,4474.6314,18.89970663792557,72.08814166918863,42.09042258683312,79.19853227091632,79.68371851709374,2.0460245334671465,3.371488462537815,42.09042258683312,4.7988677275633425,4.125903693746506
2016-01-21T00:00:00+08:00,4414.2315,18.654015739014746,71.03492554006502,41.4282000110907,77.5978493401806,77.17915229826666,2.0199752774633404,3.314680951588071,41.4282000110907,4.714814564769352,4.05672670451725
2016-01-20T00:00:00+08:00,4583.3879,19.312529678824184,73.8704916619137,43.0666481293771,81.33983558016442,81.3016407963883,2.0925161332292364,3.453525302813092,43.0666481293771,4.92047111261358,4.24175500924265
2016-01-19T00:00:00+08:00,4634.161,19.501220027690565,74.59657394473848,43.456203137623156,81.55052119882662,81.3047319600919,2.115254015795785,3.4840820069601204,43.456203137623156,4.968943403888393,4.273407442682037
2016-01-18T00:00:00+08:00,4478.9933,18.876439645663478,71.64118106409501,41.89205138085912,78.4771337762852,78.52357120634582,2.047586250439416,3.3526844613907056,41.89205138085912,4.762499100559874,4.109639758024269
2016-01-15T00:00:00+08:00,4420.988,18.699545741419268,70.46012300572738,41.29741263361137,76.20887751159772,76.24221429769833,2.028440976962178,3.3017275633046625,41.29741263361137,4.646606743287975,4.022564771673583
2016-01-14T00:00:00+08:00,4578.462,19.365862833033134,73.35320646967436,43.00522285876493,79.69943358677175,78.78624148141068,2.101867399139108,3.452134907688669,43.00522285876493,4.839965780752124,4.2145385308677525
2016-01-13T00:00:00+08:00,4446.671,18.870699902896174,70.74884435590793,41.61770287151585,76.31933994963168,75.59290447723585,2.0502101727757926,3.34047460273873,41.61770287151585,4.660897341596715,4.05101270966747
2016-01-12T00:00:00+08:00,4583.361,19.407399212580643,73.37167657368354,43.03984825691362,80.30986814682728,79.7014807567996,2.1085140543604957,3.463703092123696,43.03984825691362,4.8784519027681,4.220904816880055
2016-01-11T00:00:00+08:00,4571.972,19.351445049661816,72.50232730900422,42.86070456187367,80.93017546139758,79.07528684062102,2.10279998269055,3.4643757625583826,42.86070456187367,4.88558484189224,4.228166076027312
2016-01-08T00:00:00+08:00,4874.65,20.52025658387768,77.89015619328661,46.01802305579036,87.31149663172137,85.47359940528567,2.230437669783083,3.724314741763231,46.01802305579036,5.296612642355402,4.588882623275516
2016-01-07T00:00:00+08:00,4809.708,20.190839131218098,76.68027242052615,45.25922765595886,86.70447030107624,85.0606860531889,2.196170518981112,3.6636149861996747,45.25922765595886,5.287880351675677,4.5384394646023125
2016-01-06T00:00:00+08:00,5219.811,21.77790369814152,84.0416471563345,49.30978001673546,94.32908138558923,92.37736833402636,2.37112667866609,4.005022824355709,49.30978001673546,5.788427928642338,4.936642416400688
2016-01-05T00:00:00+08:00,5101.974,21.272375764818783,82.20289880151535,48.05342884275923,91.62204796219305,90.64780278800806,2.3168302262209033,3.885248385857663,48.05342884275923,5.626377498033841,4.841717330572152
2016-01-04T00:00:00+08:00,5156.02,21.457854609413253,82.97186116695866,48.552149748369196,93.53000798858358,92.55316482903567,2.3377575142519187,3.9423336213314424,48.552149748369196,5.766135706620558,4.952998304290617
2015-12-31T00:00:00+08:00,5592.639,23.036329488991527,91.46073699439987,52.77425326208556,102.73793738478042,102.48295585860919,2.506240903069014,4.282873898158303,52.77425326208556,6.2917873245569425,5.395364011473069
2015-12-30T00:00:00+08:00,5670.354,23.30132609615376,92.8604749610003,53.5099233493888,104.48704072097479,104.80558329242226,2.5377166273785607,4.349654123265311,53.5099233493888,6.4157803079644555,5.497683053941443
2015-12-29T00:00:00+08:00,5631.474,23.173680124097565,92.0344272693987,53.104198899078575,103.2692440785327,103.86207118444723,2.5254706927536854,4.315409808321733,53.104198899078575,6.339184663367556,5.4271000646891245
2015-12-28T00:00:00+08:00,5576.039,22.88463413947148,90.5161215893605,52.35282331708134,101.9080040025625,102.83290153976489,2.500376684757277,4.268053369929368,52.35282331708134,6.249118603636997,5.366963620307842
2015-12-25T00:00:00+08:00,5716.557,23.44117754983666,92.98722946757718,53.672013876747094,103.97589251666506,105.14167572587414,2.5626015612472615,4.376341110584226,53.672013876747094,6.397758895303112,5.488891090743169
2015-12-24T00:00:00+08:00,5685.585,23.30883153666623,92.16701412488729,53.306915606064024,103.23861087912191,104.6844013284901,2.5517267062032016,4.339696649696399,53.306915606064024,6.344810541421761,5.4480286507581255
2015-12-23T00:00:00+08:00,5711.294,23.414656782531566,92.7093575443877,53.56564131742232,102.60303544503445,104.22553544628465,2.563846463411413,4.35337125432017,53.56564131742232,6.327315213496486,5.455756570688812
2015-12-22T00:00:00+08:00,5760.286,23.582697060178663,94.3309385505557,53.95143685700459,104.36837892522442,104.68863774584034,2.5816386288259325,4.399755470339749,53.95143685700459,6.406487954832469,5.552904950410136
2015-12-21T00:00:00+08:00,5722.032,23.47260279935111,93.90138434567119,53.61145551158977,103.13780506055204,103.26250889017963,2.569674403032784,4.360975299769061,53.61145551158977,6.342057940852365,5.494133489014097
2015-12-18T00:00:00+08:00,5633.021,23.122859725093107,92.18841728011519,52.713451013337014,103.12547586954416,102.97069381929887,2.5325911463054624,4.302000935291975,52.713451013337014,6.307239407698624,5.450673611414702
2015-12-17T00:00:00+08:00,5635.117,23.11345106988749,92.40202261831016,52.75555639477737,103.18092838485501,103.59281201438613,2.533890420509804,4.311919927938502,52.75555639477737,6.353693601006882,5.450775038380047
2015-12-16T00:00:00+08:00,5503.516,22.623747618318873,89.86328508579129,51.39768130002317,100.34343596455228,101.09401352123275,2.4812199349349218,4.203446131964551,51.39768130002317,6.173247101395931,5.295133276242163
2015-12-15T00:00:00+08:00,5484.631,22.542163504085956,89.60800682677733,51.16475524313998,99.1740728297499,100.51206496974277,2.47217835752799,4.178713453290189,51.16475524313998,6.132574154565177,5.274957112124465
2015-12-14T00:00:00+08:00,5456.512,22.485840574831503,88.5359132194108,50.944390823389234,98.01623555051776,97.93367444481247,2.4672647082394255,4.149265958175642,50.944390823389234,6.0375047550561085,5.183388360679647
2015-12-11T00:00:00+08:00,5335.843,21.966317606965873,86.08169304684837,49.7319395944161,96.2156385445812,95.50558569260376,2.4116160377880913,4.058731705847139,49.7319395944161,5.934039136880198,5.093504003731345
2015-12-10T00:00:00+08:00,5371.414,22.104077052852993,86.7714027240501,50.0439901763409,96.35027458495344,95.72745144650686,2.427626395388453,4.08575584024113,50.0439901763409,5.983739282307564,5.1403268270664295
2015-12-09T00:00:00+08:00,5384.627,22.165752406686934,87.01203591374536,50.18250203898959,96.62162946327035,96.84121737952415,2.436757741263449,4.107987680405968,50.18250203898959,6.0069591835043035,5.142626791738784
2015-12-08T00:00:00+08:00,5385.932,22.172424724634396,87.31690275453,50.35604078469772,97.45920818293419,97.40520202910682,2.4381401783227727,4.124100030464372,50.35604078469772,6.048396254758731,5.173663978122895
2015-12-07T00:00:00+08:00,5488.94,22.573922903173724,89.16531502118983,51.45697691095454,99.32240432580255,99.56610843998088,2.4827783810037976,4.2207892684385655,51.45697691095454,6.152268490930709,5.272319744538622
2015-12-04T00:00:00+08:00,5439.652,22.43647769214048,88.49108686557165,51.04066427590935,97.45112305842486,98.57286350898586,2.4677411362725703,4.17425812607502,51.04066427590935,6.070462799724891,5.183388360679647
2015-12-03T00:00:00+08:00,5496.622,22.735022733034562,89.59475617191237,51.46706645401737,97.76755829841541,97.72232609380069,2.500669773639053,4.198565203769342,51.46706645401737,6.0497345244050615,5.177763510883711
2015-12-02T00:00:00+08:00,5402.585,22.316137957727697,87.8232867621653,50.473435269636774,94.72022819662075,94.07335347914153,2.455720099007899,4.113277225362323,50.473435269636774,5.888521288874039,5.022629043651093
2015-12-01T00:00:00+08:00,5345.861,21.989606194302816,87.51474794925346,50.19166910027408,95.80040726401995,96.66299931662986,2.421433682986593,4.116127280606849,50.19166910027408,5.97152469030902,5.117208687081094
2015-11-30T00:00:00+08:00,5330.91,21.97919912242751,87.0627277848444,49.833767729238666,96.21707128764861,96.43333858210195,2.420445417050726,4.0908422283541634,49.833767729238666,6.050550236643963,5.122036743926355
2015-11-27T00:00:00+08:00,5306.071,21.8439577080837,85.79006700631854,49.46000431940374,95.10296452386075,94.82392241566458,2.4068858547471623,4.068014557626477,49.46000431940374,5.97412605315255,5.082953952101317
2015-11-26T00:00:00+08:00,5636.337,23.137391671530995,91.87727890237288,52.64288290166102,100.65069781763094,102.0578321423857,2.549406042595495,4.336030382380166,52.64288290166102,6.320611102298864,5.409591838904791
2015-11-25T00:00:00+08:00,5668.737,23.24316223148426,92.26302280748443,52.829548125913924,101.81941633293017,102.51062981308684,2.5620121101673887,4.350747654683028,52.829548125913924,6.351135917803981,5.428330241050352
2015-11-24T00:00:00+08:00,5587.508,22.946562991753332,90.7665349521396,52.069148823572824,99.609198295138,100.79434932096919,2.530655536455639,4.286873834614909,52.069148823572824,6.246617045704402,5.337533184899611
2015-11-23T00:00:00+08:00,5554.996,22.81267278624665,89.64647701240551,51.55320226461695,98.0902590542119,99.47587096513062,2.5158894531918565,4.244592549392657,51.55320226461695,6.139848917331006,5.240959505950492
2015-11-20T00:00:00+08:00,5592.713,22.956686459248612,90.06169091309897,51.81585161804615,99.24843631077788,99.58626590162656,2.5320467522956576,4.264983347772415,51.81585161804615,6.177862192274496,5.271124656662485
2015-11-19T00:00:00+08:00,5542.245,22.799031189441127,89.06011922318218,51.31805094560905,96.76749478443995,96.98063250651893,2.5150568201577324,4.213995443158761,51.31805094560905,6.060989088923711,5.150058261926722
2015-11-18T00:00:00+08:00,5419.625,22.339788626066866,86.63843634362513,50.13304669524106,93.24772350776944,93.31442824048528,2.467522673441095,4.119286315992377,50.13304669524106,5.871013406627129,5.004577689811515
2015-11-17T00:00:00+08:00,5497.868,22.61635256269056,88.04670913448125,50.88517579204715,96.13778623569003,96.03916652382168,2.4990163644774888,4.1827862348598615,50.88517579204715,6.0303464130243345,5.103962910679541
2015-11-16T00:00:00+08:00,5526.14,22.688024461791624,88.61576544143269,51.142158938148796,97.21241232062592,97.31137402699919,2.508286294778443,4.2043117906952325,51.142158938148796,6.1000645214495295,5.165932106453783
2015-11-13T00:00:00+08:00,5445.362,22.400711117270173,87.19635691149477,50.21225655712678,94.26400758166909,93.69797223413978,2.4776794465261194,4.123700978158163,50.21225655712678,5.945512961609545,5.034111121220115
2015-11-12T00:00:00+08:00,5533.361,22.79886324861605,88.88874930507747,51.21461120585458,97.68628556268044,96.87743377413089,2.5219430518440142,4.206832056952231,51.21461120585458,6.142442224119106,5.166929956169598
2015-11-11T00:00:00+08:00,5551.083,22.860623506837683,88.59636142226545,51.17850549252925,96.31023611943051,95.99290916674425,2.529137514872886,4.206015562812478,51.17850549252925,6.058296323220284,5.161519392455718
2015-11-10T00:00:00+08:00,5498.481,22.665661333695322,87.36847822537092,50.43272345320203,93.49394772617326,94.22808022460865,2.5077844051715696,4.1429984067229935,50.43272345320203,5.903504698651673,5.054577340567674
2015-11-09T00:00:00+08:00,5481.532,22.63337613466508,87.74402243263951,50.307224093562866,93.15599100995178,92.71631755213124,2.504176119079212,4.117013522660862,50.307224093562866,5.8403090236423445,5.007789961119451
2015-11-06T00:00:00+08:00,5401.924,22.232624014938573,86.13348335018104,49.586257804658224,91.2916745438035,90.89221286506708,2.459878938586958,4.059643789494357,49.586257804658224,5.722484840774932,4.932309317736234
2015-11-05T00:00:00+08:00,5274.372,21.749460898152012,83.84552870670534,48.396628810563854,88.85245828245993,88.45181771702579,2.4072660554312386,3.9694672617340485,48.396628810563854,5.561544410865643,4.796969357058368
2015-11-04T00:00:00+08:00,5221.36,21.47194954892797,83.33281143088541,48.03130380894395,89.02823329757736,88.2321133451074,2.3780747514889033,3.9473979658634835,48.03130380894395,5.565820646967133,4.788885209779113
2015-11-03T00:00:00+08:00,4978.491,20.520184750690056,78.96469006020892,45.76833324730081,84.61002918454929,83.2980061694478,2.272908804791916,3.766324370372856,45.76833324730081,5.31375578098641,4.563195407676577
2015-11-02T00:00:00+08:00,4989.704,20.567009945017713,78.70974033214819,45.67891338434835,84.61457410383368,83.24712600733467,2.278697805778932,3.7606754768438635,45.67891338434835,5.26624154333429,4.58206392451191
2015-10-30T00:00:00+08:00,5090.644,20.926708828495293,78.44987852842614,46.51556008974546,85.96957404637102,84.0532812804206,2.34158539680517,3.8303876809256,46.51556008974546,5.399172621647947,4.691705054588575
2015-10-29T00:00:00+08:00,5096.518,20.590405168081034,77.48721884417746,46.673012044204185,85.63389329781565,84.64562763973757,2.3822658871642752,3.8419969811142307,46.673012044204185,5.416369055990488,4.722829659990392
2015-10-28T00:00:00+08:00,5065.554,20.391027255902767,75.72639113511451,46.32914188440472,85.02907988606647,82.78088108557627,2.370961989104271,3.803307426857714,46.32914188440472,5.350210768334625,4.682411966043637
2015-10-27T00:00:00+08:00,5174.616,20.723724429493885,76.53495660883642,47.06779831181813,86.30464060079169,85.02229839857668,2.4196919880511323,3.8739641522534134,47.06779831181813,5.4939045842321965,4.7792899093523875
2015-10-26T00:00:00+08:00,5151.29,20.621943106646942,75.92655283730284,46.98082572934101,84.86945593784945,83.90488539317067,2.41205389312731,3.8573709071372604,46.98082572934101,5.479719339731648,4.744598946028568
2015-10-23T00:00:00+08:00,5118.844,20.492163936337978,75.51610416830209,46.76665886753728,84.58533332683227,84.07592762081856,2.413568995854979,3.8296788798411874,46.76665886753728,5.458413216495538,4.699258695290428
2015-10-22T00:00:00+08:00,5009.16,20.149868600742273,73.35777497329286,45.52964444307965,82.67937048616068,80.8208162094229,2.3718388073971006,3.721278322430305,45.52964444307965,5.268016943673759,4.5496944389304845
2015-10-21T00:00:00+08:00,4875.254,19.72545688713533,70.5232878123993,44.06602395335917,79.15792210436955,77.6623636517059,2.3218330249188033,3.594570747743083,44.06602395335917,5.087628513284867,4.36661089935156
2015-10-20T00:00:00+08:00,5114.45,20.520156297912607,75.07993810826868,46.81488999443887,85.11979499541341,83.58711438168525,2.4166106003239483,3.8438399805640846,46.81488999443887,5.387630156294575,4.696891818824452
2015-10-19T00:00:00+08:00,5036.655,20.239713218075853,73.7981578786617,46.1077933900668,83.19435398952159,81.86974068282535,2.3837865196324226,3.7804008556052877,46.1077933900668,5.281939143872939,4.612391756876818
2015-10-16T00:00:00+08:00,5036.52,20.241058045401683,73.7914006112174,46.114997154778685,83.11691300108792,81.50598112583205,2.383857103107329,3.784230182400453,46.114997154778685,5.325333972361314,4.596848096391106
2015-10-15T00:00:00+08:00,4962.583,19.952238200657057,72.48948031508073,45.40780135237717,81.72026875846574,80.45719092752171,2.3500001954450984,3.727179709650994,45.40780135237717,5.239746879677231,4.543557852112923
2015-10-14T00:00:00+08:00,4829.098,19.460952194337846,70.22281809780208,44.08525225799686,78.66611433389662,77.42659514885064,2.2926261638048406,3.615094968650084,44.08525225799686,5.072818550404742,4.367873852213234
2015-10-13T00:00:00+08:00,4886.245,19.661601729550473,71.32714809581996,44.696268756265425,79.86158695189535,78.63959400641913,2.3164690421849192,3.663019014731197,44.696268756265425,5.1386057857583705,4.422548211976682
2015-10-12T00:00:00+08:00,4852.986,19.573542611457217,70.72310595627472,44.28194518333104,78.69880468851684,77.8359777396165,2.3064060380125126,3.6236174251917235,44.28194518333104,5.069253272407963,4.357768184629822
2015-10-09T00:00:00+08:00,4681.408,18.900000673652507,67.53447051848188,42.456874423019656,75.1307404680317,73.75844829872494,2.226932988749908,3.469752356881557,42.456874423019656,4.834747702264554,4.192641489780992
2015-10-08T00:00:00+08:00,4615.693,18.64708993510862,66.23916340909666,41.78216180702009,73.78979038017485,72.67663927121684,2.197549241355399,3.4089158040923655,41.78216180702009,4.763428658424863,4.132481791963154
2015-09-30T00:00:00+08:00,4460.096,18.051198288673962,63.26398359129922,40.10100489177842,70.44145156595971,69.25154143105114,2.127646202862787,3.274651816621482,40.10100489177842,4.570281963594418,3.9519934113894455
2015-09-29T00:00:00+08:00,4440.564,17.97353721133268,62.744710432823986,39.832690097382375,70.28063166120586,68.9498853911542,2.1193569198971525,3.259258518012469,39.832690097382375,4.575991436032859,3.9210003036575323
2015-09-28T00:00:00+08:00,4521.852,18.307989548918425,64.04730663595498,40.61837415592274,70.85584237925163,70.6217534918898,2.158777753004119,3.326670787035139,40.61837415592274,4.632491565493829,3.99574154429595
2015-09-25T00:00:00+08:00,4463.487,18.13090258274531,62.64954455755058,39.825407286651995,68.97339425080655,68.0575530894905,2.1385682845014893,3.2607285204755403,39.825407286651995,4.542578025058422,3.9010318712004377
2015-09-24T00:00:00+08:00,4581.448,18.524102599941198,64.93234668946214,41.17497322593357,72.20172858588998,71.20153962639512,2.1853022291088715,3.3817938806644694,41.17497322593357,4.7163810681343605,4.076891352545727
2015-09-23T00:00:00+08:00,4533.296,18.353877102203647,64.01443275550986,40.58928281245,70.7776692310634,70.06732066151515,2.1655370684712887,3.3267008260030813,40.58928281245,4.647480430204761,4.008196591403224
2015-09-22T00:00:00+08:00,4604.733,18.673293519675273,65.08003402449178,41.24301629670161,70.93853904318895,70.01780537672532,2.202181222141188,3.3798187429032605,41.24301629670161,4.681452910927621,4.058342301446194
2015-09-21T00:00:00+08:00,4570.033,18.51289743716439,64.56382566093018,40.88957644470736,70.19222207122635,69.55648550222499,2.1833168091798982,3.348000170992172,40.88957644470736,4.643290773958957,4.0135000157192104
2015-09-18T00:00:00+08:00,4449.178,18.094793210227866,62.39720232668108,39.468124984213425,67.62332378263002,66.32025895719828,2.1335324757410907,3.2269897497774642,39.468124984213425,4.470107709137727,3.8599663380292943
2015-09-17T00:00:00+08:00,4407.815,17.981754416483767,61.61390448909212,38.97788800072329,66.624641193649,65.62928170129068,2.1190300344457214,3.1823238884180594,38.97788800072329,4.399151116017454,3.807970689002829
2015-09-16T00:00:00+08:00,4490.133,18.31774824982416,62.92448358726401,39.814636924606084,67.90541456348421,66.05234176005219,2.1588154512947817,3.248890367909489,39.814636924606084,4.462712199903935,3.8731371111909585
2015-09-15T00:00:00+08:00,4245.27,17.388774375840793,57.88278091390536,36.95460360353873,63.002300907663745,61.08152387393005,2.051367431871271,3.0100635549007126,36.95460360353873,4.168810449470122,3.585322114085245
2015-09-14T00:00:00+08:00,4450.349,18.085537682715216,61.443935006910856,39.18407209372374,67.04633254594751,65.60768029844314,2.1336163161474477,3.203633647149731,39.18407209372374,4.43462825464772,3.8197759255949872
2015-09-11T00:00:00+08:00,4657.695,18.809129821945326,66.0077715967557,42.056026177857795,72.24371453800006,71.48724802236475,2.2192141511879324,3.4582433064292153,42.056026177857795,4.739892425329726,4.1395438254524075
2015-09-10T00:00:00+08:00,4637.7,18.771758868869004,65.57132278780233,41.7820837495051,71.52688603189321,70.32570097445299,2.215077468758182,3.4248270492893798,41.7820837495051,4.693568729250787,4.094397938287479
2015-09-09T00:00:00+08:00,4701.483,19.027193562213768,66.99506467616142,42.62504071166922,72.49802510945854,71.3051554785074,2.2459269919516136,3.4940196107917814,42.62504071166922,4.7646182247312865,4.16965130616023
2015-09-08T00:00:00+08:00,4575.433,18.54805481216594,64.685133069828,41.15771749793934,69.07041731970813,67.63633465231413,2.1901405048168776,3.3649314609111456,41.15771749793934,4.582265345144383,3.999918896069698
2015-09-07T00:00:00+08:00,4421.332,17.97829768856417,61.29330605055618,39.213683911516995,65.41691199858526,63.83779848198638,2.124003690327876,3.202500307720887,39.213683911516995,4.353196557947913,3.7764585373971045
2015-09-02T00:00:00+08:00,4466.567,18.336956747696945,61.026249151574696,38.99399830932248,64.66645227548032,62.61249087501148,2.166282446244643,3.1578699105276846,38.99399830932248,4.287441035126056,3.7038694745849505
2015-09-01T00:00:00+08:00,4529.78,18.42997147237973,61.60887432204045,39.75579332797181,67.44104598671018,65.34773116404706,2.1774602203537596,3.2572158833970026,39.75579332797181,4.475103514551678,3.8523483277679453
2015-08-31T00:00:00+08:00,4684.961,18.7889924049562,65.27448032123417,42.04975586882478,72.04497614276599,69.9618055528846,2.2220367342901506,3.467365516080988,42.04975586882478,4.786985495260956,4.15167594194898
2015-08-28T00:00:00+08:00,4764.941,19.283773405149137,66.9669839514433,43.99619444753179,75.15083284973859,74.33976017966215,2.2658474349754703,3.6056948316838335,43.99619444753179,4.994816144483008,4.3530175747282
2015-08-27T00:00:00+08:00,4530.139,18.335885875981823,62.661632045976944,41.5416654052004,71.19909329115367,69.81390281075227,2.1663066421082515,3.3889809258808574,41.5416654052004,4.701074316433518,4.078682888447064
2015-08-26T00:00:00+08:00,4334.137,17.606690609604893,59.127122080157356,39.72830951921565,69.68137816819463,66.7973664373571,2.072958592231316,3.2471201468133812,39.72830951921565,4.541001142470395,3.9551916366477915
2015-08-25T00:00:00+08:00,4442.484,17.939485496056967,60.459887226035576,40.89636865682884,73.38818156322228,70.33742207427008,2.1093595984513414,3.3772364567574695,40.89636865682884,4.738536904394205,4.091521355270379
2015-08-24T00:00:00+08:00,4788.035,19.529541853300017,66.40814746239327,44.97299211956975,81.35496428464603,76.04847466674389,2.278618614181508,3.6933088175256814,44.97299211956975,5.139151629490875,4.472529871808536
2015-08-21T00:00:00+08:00,5215.021,21.355818355941114,73.40072214294204,49.57033724963068,89.31079613687754,83.17677997395342,2.495389745679013,4.05068804815553,49.57033724963068,5.581873497883226,4.912210683359383
2015-08-20T00:00:00+08:00,5490.647,22.435819098544044,78.11033969758937,52.624188074631654,95.18969887896138,88.99361725101338,2.6191045396026764,4.304033812086014,52.624188074631654,5.947336985166459,5.205950784422937
2015-08-19T00:00:00+08:00,5674.276,23.196778177589593,81.16266705172328,54.564022092296476,97.78261850328236,91.21975975728387,2.709860264040376,4.460022765026391,54.564022092296476,6.189395086396755,5.422397994990476
2015-08-18T00:00:00+08:00,5561.444,22.870377726029126,79.3134808694384,53.44627144612523,94.64140926987346,89.5389704764745,2.6733445975981076,4.361428963392235,53.44627144612523,6.059728359567456,5.284635887200612
2015-08-17T00:00:00+08:00,5963.358,24.42870167526759,86.54844519638682,57.83945282340871,102.67035529477849,96.19856338279125,2.850548865394288,4.720882266468257,57.83945282340871,6.518466064298006,5.735770308449167
2015-08-14T00:00:00+08:00,5898.585,24.318650667482455,85.87686314180907,57.200229632559825,101.75318788936909,96.1530666301689,2.8344596992290474,4.632724984961548,57.200229632559825,6.463937825683573,5.655352418062408
2015-08-13T00:00:00+08:00,5871.145,24.258880408222094,85.46185756854717,56.84756270735711,101.97829223448643,95.76936671763767,2.826310898423342,4.592176179123297,56.84756270735711,6.430145221163537,5.614657293230689
2015-08-12T00:00:00+08:00,5748.499,23.829850935573052,83.54274562404012,55.560531437687004,98.53221835658859,93.01538983026362,2.776126700051277,4.477432058865263,55.560531437687004,6.280516594706338,5.45029616517429
2015-08-11T00:00:00+08:00,5822.534,24.155366717602583,85.41795209776821,56.52275112972646,101.17080613953733,94.72154226730754,2.810572323397667,4.53512531289155,56.52275112972646,6.368951711084276,5.527561879944988
2015-08-10T00:00:00+08:00,5811.7,24.137952953866918,85.07120168410134,56.24476690657009,100.6393821278141,95.02062886379062,2.8081644227867235,4.4993905723644305,56.24476690657009,6.324135585481636,5.467827681955272
2015-08-07T00:00:00+08:00,5547.108,23.06711088525683,80.60031334732065,53.49815795453329,95.58831260385763,90.21363500658568,2.683824564472786,4.283390063016739,53.49815795453329,6.047707062923866,5.203371287291796
2015-08-06T00:00:00+08:00,5400.551,22.516530391161396,78.21677826864361,51.94765146334566,91.76137300156556,87.1905473862235,2.6195304008181703,4.14754614547151,51.94765146334566,5.810455707855771,5.002852392345164
2015-08-05T00:00:00+08:00,5433.984,22.73470414169467,79.05368516433381,52.360956320253365,91.67164035648462,87.52650314986654,2.6413749644551943,4.161631348371787,52.360956320253365,5.878831510595969,5.018785557030812
2015-08-04T00:00:00+08:00,5507.631,23.07108857141211,79.971438091824,52.903505252646085,92.54116397420657,87.10902058473914,2.680896205766169,4.191426544077871,52.903505252646085,5.84799766220591,5.029690633886212
2015-08-03T00:00:00+08:00,5270.294,22.205889347531098,75.81463300426395,50.17507214836269,87.28913085578763,81.51547402254492,2.5804691356478884,3.9580129681763108,50.17507214836269,5.515622375385972,4.7123298375092615
2015-07-31T00:00:00+08:00,5380.009,22.54603281069612,77.55578481647485,51.56258664216601,92.33650092047826,86.42643604255589,2.620631237527039,4.093634974066816,51.56258664216601,5.8089858824351674,4.950743179763312
2015-07-30T00:00:00+08:00,5433.395,22.7741162537433,78.05145175892261,52.121858981663294,95.1359807962736,88.028316885341,2.6461688165599444,4.145605749279681,52.121858981663294,5.8894561415448,5.000559076782016
2015-07-29T00:00:00+08:00,5590.312,23.38394768366756,80.69180369941465,53.7270415005524,97.5967193779683,91.0346536574374,2.7172542147091763,4.262417979759582,53.7270415005524,6.051449608116608,5.163213412307444
2015-07-28T00:00:00+08:00,5375.72,22.597624694175124,76.60946481603088,51.16824004380348,93.01728286499193,85.69376436077913,2.625848586677973,4.042670756891543,51.16824004380348,5.749956340250996,4.89866602304698
2015-07-27T00:00:00+08:00,5478.875,22.993116223958516,77.95326431380624,52.53763815472077,97.04117226362933,88.91221734248498,2.672321492043768,4.185647468289135,52.53763815472077,5.984437126375729,5.055100838237458
2015-07-24T00:00:00+08:00,5940.257,24.962477056571288,85.29944009364468,57.2288257915328,103.82237634886033,94.90146711446985,2.902135800814926,4.546296461350022,57.2288257915328,6.432801014712017,5.46906602483428
2015-07-23T00:00:00+08:00,6026.952,25.273283090830834,86.54294297021589,58.014301089505466,104.56255961633907,96.069760933435,2.9390715372186462,4.610170366710374,58.014301089505466,6.49582493313658,5.5619769615976145
2015-07-22T00:00:00+08:00,5869.744,24.66050611199028,83.72189315626201,56.149638756284816,101.17601188340154,92.81851900103683,2.866953380410039,4.452980183609275,56.149638756284816,6.28622584432015,5.314791140120759
2015-07-21T00:00:00+08:00,5830.521,24.5618077314769,83.3665746478153,55.68239016818045,100.21513441060922,91.48331207363255,2.852864979700984,4.39943176417818,55.68239016818045,6.169855405914138,5.283102133671832
2015-07-20T00:00:00+08:00,5768.487,24.359478233103836,82.22069103192631,54.810990073633256,98.47106840554137,88.79583055625571,2.828219742834213,4.315158578949485,54.810990073633256,6.029374499254696,5.142298487762661
2015-07-17T00:00:00+08:00,5691.548,24.084842035286883,81.15502950516168,54.02103725884681,96.16860009402593,85.88200959894635,2.796454008002028,4.232893603465088,54.02103725884681,5.848051079894995,5.030217980857842
2015-07-16T00:00:00+08:00,5437.807,23.20358319452448,76.63801525316711,51.17871849516101,90.70295213792849,80.60762939862487,2.692097598145855,3.99948409176485,51.17871849516101,5.540204691093267,4.7591230891704
2015-07-15T00:00:00+08:00,5375.376,23.046245633669848,74.76649895079763,50.28539549932711,89.15210726048635,80.19829400675717,2.6747547467560526,3.933566854846854,50.28539549932711,5.480092870141769,4.709906372029883
2015-07-14T00:00:00+08:00,5610.202,23.798556548683212,78.83561147692956,53.05648378475713,94.05110825056784,84.19945474995808,2.7620099161748892,4.151197423307339,53.05648378475713,5.745304953044236,4.974522140179958
2015-07-13T00:00:00+08:00,5598.64,23.893003466287947,77.23117988137936,52.0778493333168,89.95091577240316,80.28947424164838,2.7741556304243615,4.047688287492958,52.0778493333168,5.540730350638481,4.777807301079008
2015-07-10T00:00:00+08:00,5386.216,23.297528934387056,72.73237620833527,49.15582996837522,85.18276675972359,75.68427006072338,2.704310825303982,3.815251562036872,49.15582996837522,5.248207428634382,4.501348792855846
2015-07-09T00:00:00+08:00,5144.134,22.361499472102924,68.6133696488638,46.51213408763392,81.32348339139773,71.94496064080043,2.588053243485055,3.6193846062306863,46.51213408763392,5.002159659640749,4.27951787363196
2015-07-08T00:00:00+08:00,4900.421,21.30359670451469,64.53614498395667,43.90651153168531,78.9767860972053,69.98171898002457,2.4633232183526417,3.430844129574632,43.90651153168531,4.79326502992835,4.093135322183558
2015-07-07T00:00:00+08:00,5145.506,22.384423378889206,67.93552959562003,46.19410812510035,80.98773063858204,72.33783702431718,2.5873614916726737,3.603432241799473,46.19410812510035,4.9909765021621375,4.272204358307179
2015-07-06T00:00:00+08:00,5353.864,22.86581926618646,73.03544665886963,49.54070117835512,87.17923972552526,77.51435778211453,2.6314769319029208,3.8843250627352863,49.54070117835512,5.340079390329566,4.604426834820918
2015-07-03T00:00:00+08:00,5390.684,22.637918805420668,73.81577898674222,50.64634021595549,92.29046324512854,81.51169564783866,2.6050333497187155,4.046366634919407,50.64634021595549,5.617707861091216,4.831442277483682
2015-07-02T00:00:00+08:00,5725.834,23.97471751933337,78.95591235592795,54.19719975829056,99.6981227571626,88.33771784231327,2.748019527954082,4.358889236590993,54.19719975829056,6.0023384064780645,5.1787341948193495
2015-07-01T00:00:00+08:00,6038.686,24.942370576998343,84.03451836097778,57.73782457620093,107.43522715751071,94.75241220726734,2.859173631152111,4.688000519998311,57.73782457620093,6.447596474933488,5.584361631058059
2015-06-30T00:00:00+08:00,6374.83,25.809080131658234,91.11931960436803,60.634674472425,119.43771369132733,105.09003718221446,2.948897996079564,4.898186306193183,60.634674472425,6.677554670706222,5.779520333690994
2015-06-29T00:00:00+08:00,6044.155,24.389883923063866,85.27174102465997,57.332604740614876,114.97095097569401,100.68961188941842,2.794995453106178,4.6648115248290685,57.332604740614876,6.414686470670027,5.515958940841932
2015-06-26T00:00:00+08:00,6377.069,25.37460434097456,90.61063890062671,60.84541150634447,123.40092712151528,109.37661473217628,2.9085965757128505,4.984543496579492,60.84541150634447,6.882175152276769,5.971222498831638
2015-06-25T00:00:00+08:00,6932.388,27.415539232927575,99.58815885655235,66.36870077824032,133.84887881281546,119.65093741367441,3.140766314389886,5.427690088789281,66.36870077824032,7.521332291436649,6.501970516595844
2015-06-24T00:00:00+08:00,7195.775,28.395653401147428,103.86897787026768,68.93593649160819,140.02384363403579,124.0478437752691,3.252638635495765,5.6386318316671815,68.93593649160819,7.8039596241471445,6.73535983022249
2015-06-23T00:00:00+08:00,7048.74,27.76128617732924,101.37995114833558,67.30199852599651,137.8032475387028,122.35828157355472,3.1796518209544806,5.493069931784674,67.30199852599651,7.663022427806273,6.550160550685217
2015-06-19T00:00:00+08:00,6943.037,27.239891823750522,99.50190873019099,66.48977975117648,137.89998513356602,121.02202847745305,3.1206263543390045,5.46065230821294,66.48977975117648,7.636754228207223,6.591805351204549
2015-06-18T00:00:00+08:00,7411.905,29.01569491337534,107.01631862370934,71.18175989997061,146.1533341786889,129.56415976027407,3.3206716419066713,5.856615772019005,71.18175989997061,8.117456005984025,7.075369000521651
2015-06-17T00:00:00+08:00,7686.794,30.062558631393518,110.90382378319008,73.51061397815175,151.47846878850788,134.26497522629882,3.442906132251222,6.028648576093978,73.51061397815175,8.40447247703994,7.3250643827502415
2015-06-16T00:00:00+08:00,7549.981,29.520967418935417,108.78522763639873,72.22485111908874,148.7247853449991,131.80015984829765,3.3814355686850597,5.920261302612802,72.22485111908874,8.256304389547415,7.177958695731829
2015-06-15T00:00:00+08:00,7830.236,30.529665780299222,112.93841436084703,74.91549444298728,154.6683609339463,135.9634460289151,3.49920848463638,6.149609875829996,74.91549444298728,8.55520751609167,7.475035880797953
2015-06-12T00:00:00+08:00,7984.428,31.156894973996376,115.26731112607244,76.0946886141782,158.05637147444125,140.5308083204666,3.5697787666778544,6.216782858867069,76.0946886141782,8.767222120943469,7.6506653391142825
2015-06-11T00:00:00+08:00,7891.567,30.824328490125488,113.83730669694765,74.99007630472103,155.468404748252,138.98396552222553,3.530038045206742,6.113174665384932,74.99007630472103,8.588761321547565,7.4908634440162505
2015-06-10T00:00:00+08:00,7813.588,30.651827188870833,112.65993843952285,74.03966234460427,153.07515869840566,135.06366176380632,3.509148938456049,6.012278574467951,74.03966234460427,8.414179421801258,7.3774202872236065
2015-06-09T00:00:00+08:00,7731.5247,30.50852108828396,111.0186769487479,73.05621176689068,149.3239137172664,132.75443786756557,3.492434198828202,5.928064825445061,73.05621176689068,8.25478461516138,7.18928506195138
2015-06-08T00:00:00+08:00,7755.742,30.61690179481114,111.60673966852163,73.32095578923675,149.07275891440605,133.3551966114883,3.5045916604535083,5.929867706867546,73.32095578923675,8.212848110796005,7.1729283535164745
2015-06-05T00:00:00+08:00,7748.374,30.12870009825315,111.5209407777251,73.11611495855921,150.83364147841888,134.81349673946164,3.459507387931807,5.940837303225836,73.11611495855921,8.39306904258901,7.221870672713886
2015-06-04T00:00:00+08:00,7655.224,29.7377524119748,109.7483311348539,71.85849444548579,150.77844191625974,132.52171146872965,3.414556536194096,5.824058672095078,71.85849444548579,8.27023052679624,7.123620368455892
2015-06-03T00:00:00+08:00,7643.012,29.584943839138027,110.02741368322506,71.94060951217246,151.37869153707862,133.27859799375173,3.39667101217444,5.816230065644042,71.94060951217246,8.288806193002427,7.154748633119621
2015-06-02T00:00:00+08:00,7624.019,29.50615748726329,109.75564784046934,71.67453792021854,150.2667876990014,132.52171146872965,3.383120883679464,5.78469992365852,71.67453792021854,8.319345318297769,7.123620368455892
2015-06-01T00:00:00+08:00,7402.478,28.822437297411557,106.25553856461714,69.44881221699048,144.128706601735,126.33249400308131,3.3043713647343713,5.586228979797372,69.44881221699048,7.984447227072037,6.851974961108749
2015-05-29T00:00:00+08:00,7047.314,27.457942314408307,100.66411733892728,66.06992186879421,137.15801621015297,120.19888362408823,3.1476145476876307,5.3076613044059995,66.06992186879421,7.620404894531463,6.5493135041191355
2015-05-28T00:00:00+08:00,6993.602,27.36182329094092,99.71231854249531,65.60011465948276,134.29402911778524,119.18395643538514,3.136758651621564,5.279777115787311,65.60011465948276,7.584298277350673,6.46804392546386
2015-05-27T00:00:00+08:00,7451.343,29.177719094118395,106.53026587371654,69.5857081986451,142.86587645647052,125.82223286803796,3.3429073092377157,5.5889005321616905,69.5857081986451,7.998685810304787,6.852534454505623
2015-05-26T00:00:00+08:00,7409.926,29.00636756552519,105.5398055928867,68.84725279805869,139.46574556413776,123.05944271319811,3.3225336255402693,5.512035216068899,68.84725279805869,7.8373934258687,6.737845160512837
2015-05-25T00:00:00+08:00,7202.85,28.279335094490555,102.76093927545527,67.04220371218187,134.50505681323685,119.5052621649293,3.2437974812636496,5.357247068017631,67.04220371218187,7.534237913894487,6.485352548673825
2015-05-22T00:00:00+08:00,7026.532,27.557288691189065,99.8216497530701,65.22060455747055,132.61550229765123,117.36460751628294,3.1611944138813346,5.209451316153306,65.22060455747055,7.3790560617178125,6.310517030727027
2015-05-21T00:00:00+08:00,6903.761,26.994428477499124,98.37706917232767,63.98081349385875,131.52054676281924,115.4797879686071,3.096238560297576,5.10904717530657,63.98081349385875,7.271959835405598,6.199985921615584
2015-05-20T00:00:00+08:00,6715.712,26.352356934894267,95.01342066586717,62.04052873210829,125.64136878270591,111.63012146581752,3.0240458257073177,4.955816865044683,62.04052873210829,6.990722042088686,5.976258141191872
2015-05-19T00:00:00+08:00,6623.785,26.06952872778256,93.64384476335375,61.210812623085225,121.40085304204098,108.80049021381208,2.9906274652617726,4.885604278979389,61.210812623085225,6.811354148906314,5.856608447681669
2015-05-18T00:00:00+08:00,6435.067,25.32118813409225,90.70813973180053,59.39027176561114,118.76255814402111,106.30418091997652,2.9051139614304886,4.756519835669666,59.39027176561114,6.697244900823408,5.72053275963995
2015-05-15T00:00:00+08:00,6384.318,25.245209059131344,89.33376065421945,58.69949981651946,114.08768537240763,103.96384148695,2.8980406245198105,4.689687587616019,58.69949981651946,6.509990777039617,5.620637989307529
2015-05-14T00:00:00+08:00,6453.702,25.569419056117912,90.60800210873809,59.38376007381336,115.37275692665322,103.48305174856645,2.9355244559460774,4.7411440351842415,59.38376007381336,6.521167283867982,5.631979142223608
2015-05-13T00:00:00+08:00,6450.715,25.561984038055027,90.73406168655897,59.07192457107338,113.65164205149031,102.18942955362797,2.9334229801989666,4.707995127296082,59.07192457107338,6.443966959701618,5.566165221396327
2015-05-12T00:00:00+08:00,6440.472,25.596033525684554,90.22030586882741,58.736829089034636,112.68630217792236,101.21673035782479,2.9376513772945603,4.6735327060187215,58.736829089034636,6.3669281857707825,5.498849696139192
2015-05-11T00:00:00+08:00,6324.111,25.173050199875494,88.53427164768745,57.82522788185303,110.01270230797084,99.10350720879185,2.890363449888451,4.599637924443444,57.82522788185303,6.236321160933835,5.3589547940819315
2015-05-08T00:00:00+08:00,6094.716,24.35337722614048,85.2990624358112,55.77073471701185,104.9434345243571,94.17291871507877,2.795544459442696,4.428953943000387,55.77073471701185,5.961689795022335,5.148765457030495
2015-05-07T00:00:00+08:00,5912.674,23.674742071254403,82.28863366681401,53.940377940050375,100.4205477394819,89.70000539062386,2.7180666734770518,4.279349206752314,53.940377940050375,5.724707262764372,4.9506953964195155
2015-05-06T00:00:00+08:00,6028.221,24.210034242779003,83.6460039460421,54.9911206595974,103.1581488326013,92.2761972717468,2.7796700424631253,4.384482525270702,54.9911206595974,5.818427858140123,5.070945315517566
2015-05-05T00:00:00+08:00,6086.056,24.506927523781137,84.81067685699593,55.86223079819383,103.89497359565854,93.17809010426424,2.813636472749091,4.461662416661586,55.86223079819383,5.876824506504233,5.119324514113678
2015-05-04T00:00:00+08:00,6307.571,25.446276256310682,88.0638880099087,57.895488221029645,105.55473172003246,95.96023851329375,2.921332915209524,4.611437230384321,57.895488221029645,6.021266760785319,5.258386560469453
2015-04-30T00:00:00+08:00,6258.607,25.237421347106388,86.26436791719611,57.337274916371804,105.35971826855686,95.50105943375752,2.897721635525594,4.544297862792982,57.337274916371804,5.9811814533243615,5.21177488428682
2015-04-29T00:00:00+08:00,6257.593,25.42627756164386,84.110645331897,57.95469399970774,106.78721985019929,93.29342732131877,2.969910812726565,4.559245148367847,57.95469399970774,6.010797218527065,5.209856832585129
2015-04-28T00:00:00+08:00,6167.86,25.47402598842697,87.23587709917243,57.204782513070725,104.59197828834347,90.89639156240298,2.978762942112295,4.478388738888876,57.204782513070725,5.877445744837907,5.103174795697873
2015-04-27T00:00:00+08:00,6300.925,25.7409512444302,90.07483418700177,59.30423241883769,110.10501219394537,95.61077928880317,3.034272414513134,4.622780665767985,59.30423241883769,6.09707642378064,5.288098953067014
2015-04-24T00:00:00+08:00,6205.162,25.07186294544934,88.04337696188642,58.704196279205654,108.29319804257912,93.53567538837054,2.9711891227121985,4.586252729554492,58.704196279205654,6.064287025106423,5.286507456944135
2015-04-23T00:00:00+08:00,6224.562,25.251868000601544,88.24580076640045,58.92163216479876,107.94085011029695,93.60644397641741,2.99171449842333,4.601930377897613,58.92163216479876,6.063571362560871,5.255958707207506
2015-04-22T00:00:00+08:00,6188.01,25.106295596001964,86.16961873758373,58.14074791620945,105.93665375924262,92.50309102811114,2.9784065055371296,4.558451718519769,58.14074791620945,6.005768861038689,5.214083618853288
2015-04-21T00:00:00+08:00,6023.42,24.528064475991982,84.24950225581374,56.774152378050246,103.62888036785688,90.18392550407688,2.90978859910969,4.44458190038963,56.774152378050246,5.844040681546534,5.081571468665582
2015-04-20T00:00:00+08:00,5852.959,23.965130470421027,81.58251060548105,55.068109924766084,98.90847056672264,86.02671755442628,2.8471659012378425,4.3107488488597845,55.068109924766084,5.633615665609308,4.9151380553556345
2015-04-17T00:00:00+08:00,5958.144,24.411768328941292,83.44031841868082,56.189178145017024,101.15056222244463,88.10020558718391,2.9025860440004907,4.396306292295179,56.189178145017024,5.763962653529993,5.049462735155606
2015-04-16T00:00:00+08:00,5885.225,24.03602719060224,82.61562735518635,55.72340800514391,101.40800776643044,87.29805010690232,2.859059308355382,4.358907452501982,55.72340800514391,5.76131843062208,5.027649478902184
2015-04-15T00:00:00+08:00,5764.913,23.517771984452065,81.2401684069027,54.99092937828281,99.39975483020484,86.36535997853423,2.7967518718240054,4.3092290922122745,54.99092937828281,5.71591284035165,4.924696162893377
2015-04-14T00:00:00+08:00,5915.937,23.953625903365477,83.54624944065534,56.70389540804035,102.0064326694025,90.35485035216635,2.849802439395621,4.454518908188803,56.70389540804035,5.912758406724625,5.1353450843205986
2015-04-13T00:00:00+08:00,5901.748,23.931727252289836,83.46992622716922,56.622167966364806,102.47493807250453,90.35624326807951,2.8480278985579837,4.445704168908647,56.622167966364806,5.933058855489262,5.102893677308059
2015-04-10T00:00:00+08:00,5787.21,23.42736558645919,81.00443464699794,55.25934453216983,99.86088932546387,87.76300933791775,2.7887351935708056,4.34735807954525,55.25934453216983,5.792718587371467,5.02027413937822
2015-04-09T00:00:00+08:00,5660.241,22.926810030856206,79.07454295711999,53.91015469110907,97.60257450053419,86.1721833925814,2.7297379243557915,4.247502007038311,53.91015469110907,5.662568248789813,4.862248448106252
2015-04-08T00:00:00+08:00,5706.098,23.129294765637606,80.16446069966804,54.45462806878359,98.52388038076995,86.80432039720979,2.752852816601199,4.297508972785966,54.45462806878359,5.720939178756613,4.917623616559136
2015-04-07T00:00:00+08:00,5711.517,23.06034543754595,80.83932608726204,54.751846426132126,99.47532996182991,88.21743028298408,2.7455942697714226,4.335251739189997,54.751846426132126,5.835589696571679,4.993224857696168
2015-04-03T00:00:00+08:00,5590.937,22.52272073405488,78.94915223372968,53.54080346876285,98.2125889338614,85.56377990355533,2.6823524233113405,4.242629283459688,53.54080346876285,5.7099461587209,4.860352950988916
2015-04-02T00:00:00+08:00,5509.212,22.259354356300683,77.5484516931817,52.35007764000091,97.21023124895216,84.08269521312738,2.652699585667057,4.1644543873843345,52.35007764000091,5.580926391527341,4.766245863650497
2015-04-01T00:00:00+08:00,5448.165,22.064022737762865,76.1288530488323,51.359000069771916,95.00826628940592,81.67444519031861,2.6315878870041707,4.089091070106474,51.359000069771916,5.4452585619335885,4.681467683287771
2015-03-31T00:00:00+08:00,5335.489,21.654563926469994,74.30255201092778,50.27987298702479,92.44821304873285,79.13175633371429,2.5835059333061543,4.004698952191122,50.27987298702479,5.326909715077134,4.548867800216455
2015-03-30T00:00:00+08:00,5350.514,21.820984117511227,73.78548377136747,50.0103345262401,90.60598828915818,78.31389411956711,2.604710511567098,4.015161024506646,50.0103345262401,5.2920447346672095,4.560381063393874
2015-03-27T00:00:00+08:00,5256.351,21.434882101805332,72.45471711587011,49.09549178268913,89.38962969094432,77.73939386967146,2.5632210286809896,3.9669001748759047,49.09549178268913,5.28206044930318,4.532287692150264
2015-03-26T00:00:00+08:00,5212.772,21.11686193864499,71.47592354689587,48.462123034506284,88.82616297533366,77.0552699491633,2.5629056290779264,3.9309841583358516,48.462123034506284,5.238959451642665,4.472245717562296
2015-03-25T00:00:00+08:00,5241.517,21.042214038543314,71.67522886034563,48.6812991546039,90.53856938418349,78.29608879041467,2.574070284589966,3.94859693886249,48.6812991546039,5.320642821371715,4.496801824003148
2015-03-24T00:00:00+08:00,5231.421,21.142949505710398,71.09554663728768,48.3113646647876,88.12676570178243,76.98648848403165,2.5891532704648625,3.922663652252679,48.3113646647876,5.242678289938937,4.429307374367852
2015-03-23T00:00:00+08:00,5208.891,21.092579404739098,70.94564710637748,48.079330726850046,87.56063466654683,77.05149308100715,2.580807796592271,3.9183109184160374,48.079330726850046,5.219340027663699,4.416837899737839
2015-03-20T00:00:00+08:00,5089.961,20.443264008378744,69.11006471202941,47.0658709968172,85.28484356755915,75.47245930265667,2.530055203128308,3.8365196681917264,47.0658709968172,5.063840468583125,4.3310329101141285
2015-03-19T00:00:00+08:00,5027.449,20.24229564715062,68.39636840931242,46.540795699776176,83.46646322056148,75.29707768314904,2.5124609090675643,3.8076151863753207,46.540795699776176,5.0339346460944,4.294139621691814
2015-03-18T00:00:00+08:00,5012.041,20.188450174950408,68.04879988637785,46.29711979873776,82.73079730164862,74.48191077433982,2.511681221115488,3.7835055717088104,46.29711979873776,4.978161091349969,4.273127020744346
2015-03-17T00:00:00+08:00,4908.645,19.771698945441393,66.5807309340199,45.407486028001486,81.45649795286138,73.31616679879886,2.4595322234877486,3.7082282190660742,45.407486028001486,4.8980655842501015,4.210372931922998
2015-03-16T00:00:00+08:00,4841.606,19.494368072241304,65.64098398434378,44.756225809163034,80.69846854998178,72.54526047292347,2.426384644657058,3.6587039601243303,44.756225809163034,4.855692855924726,4.141532260434367
2015-03-13T00:00:00+08:00,4710.852,19.031740170449744,63.85834413259635,43.608503430268776,78.12007260670478,70.41987546848348,2.368980915782264,3.56628345913253,43.608503430268776,4.714901151881907,4.055956819565564
2015-03-12T00:00:00+08:00,4661.811,18.869899895543348,62.92075306303468,43.143015780117246,77.10716968382428,69.00715996679149,2.349689697749067,3.5253688230903544,43.143015780117246,4.653274843519723,3.9873037666343456
2015-03-11T00:00:00+08:00,4625.728,18.67548778088666,63.22816719077658,43.08112686121107,77.265252481051,69.32993485825371,2.321854571397351,3.530262096456778,43.08112686121107,4.6673810429064755,4.025953147917493
2015-03-10T00:00:00+08:00,4624.647,18.656618384836086,63.29061604919878,43.09140156965796,76.67085155599054,69.90519208789061,2.3196558805304717,3.531353466077828,43.09140156965796,4.667604066121648,4.034684263281339
2015-03-09T00:00:00+08:00,4604.999,18.670871339895697,62.9022046408773,42.73247385182316,75.43336069658402,69.18529714131095,2.320585983240122,3.499005150277188,42.73247385182316,4.617550465192184,3.995192353212957
2015-03-06T00:00:00+08:00,4535.455,18.345613005462084,62.07000536732296,42.12401123040746,74.56942670792675,68.35678949435952,2.2787589501280525,3.4551082478932043,42.12401123040746,4.565783649465882,3.954777299539172
2015-03-05T00:00:00+08:00,4575.789,18.455873030439477,62.649650078732044,42.42745957093028,75.73689141071216,69.69899803468624,2.2922929092071045,3.4801689256001707,42.42745957093028,4.618346719942484,4.00737195286889
2015-03-04T00:00:00+08:00,4589.902,18.57536022998587,62.84230699364386,42.41871893489432,75.74427698395075,69.78164571189534,2.3070912107668278,3.470236174671367,42.41871893489432,4.598352131602382,3.988525534917922
2015-03-03T00:00:00+08:00,4537.468,18.423259771445597,61.96794229266355,41.82162377411301,74.2155407933206,68.48346982866724,2.288074936956198,3.4208936830424572,41.82162377411301,4.520279256821178,3.9083781921901632
2015-03-02T00:00:00+08:00,4607.945,18.785669275836607,62.782445372134134,42.25375871930959,74.3466357023561,68.62407227485211,2.3328142974534094,3.447140243631357,42.25375871930959,4.54262863534496,3.933543359850749
2015-02-27T00:00:00+08:00,4540.135,18.570276950853355,61.680989205025796,41.52672020015212,72.66085790083062,66.58195407259159,2.3063635949785253,3.3852481143026396,41.52672020015212,4.432510990132883,3.8530973437068305
2015-02-26T00:00:00+08:00,4512.461,18.466428309204627,61.2672786546717,41.23656486709946,71.15589133715125,65.98356289209805,2.2937875915607013,3.3589923955231864,41.23656486709946,4.3714472454755,3.817304814286677
2015-02-25T00:00:00+08:00,4436.94,18.128758138644727,60.39258711138492,40.693024016101035,70.57336598856138,65.3849607874032,2.2531355050219437,3.3178897095148026,40.693024016101035,4.341019476179587,3.770529247071651
2015-02-17T00:00:00+08:00,4468.303,18.24590601748142,60.648413294633706,40.81844435039205,70.95387352476934,65.54828708412444,2.2678396015272306,3.320628754928,40.81844435039205,4.340995256255988,3.771637670802879
2015-02-16T00:00:00+08:00,4436.61,18.124541571927537,60.59946271130131,40.52435718765476,70.63878332061128,65.40159295040472,2.251945587188705,3.303944542162444,40.52435718765476,4.325827026430654,3.764898035833009
2015-02-13T00:00:00+08:00,4376.232,17.932862278751955,59.71317493040289,39.940676643635605,69.24355610900813,63.98430452404456,2.2294140395457425,3.255615050808936,39.940676643635605,4.277297203278173,3.6900279660249606
2015-02-12T00:00:00+08:00,4323.557,17.72139527928496,58.789768689953675,39.34096271262156,67.74900949592671,62.8949534576599,2.2042560989920537,3.2069724442300727,39.34096271262156,4.204663492225565,3.6396272550970843
2015-02-11T00:00:00+08:00,4300.678,17.618476864166784,57.94372261531116,38.83934412056944,66.96790262201519,61.89964369064427,2.1922674021703386,3.1798486153416654,38.83934412056944,4.173459924985227,3.597050969246041
2015-02-10T00:00:00+08:00,4257.965,17.48807347816539,57.45397680177555,38.47374544173896,65.92340162152622,61.02894283233694,2.175882280520193,3.150060226509891,38.47374544173896,4.1239533199700835,3.577566659199323
2015-02-09T00:00:00+08:00,4192.663,17.202541746882275,55.869871213010555,37.659101011989826,65.50438135265226,60.28921522773621,2.142678018127454,3.116491780314473,37.659101011989826,4.083588753750955,3.5223369815781833
2015-02-06T00:00:00+08:00,4184.678,17.144197479704488,56.14513527058915,37.80513471707197,66.16848145240843,60.6693254978558,2.1357806674264928,3.131507486468676,37.80513471707197,4.120650151369969,3.5637383171385455
2015-02-05T00:00:00+08:00,4261.616,17.48703609679066,57.35632080100393,38.59567577857421,67.13475151890188,61.815707835516434,2.179421628175395,3.1982784357963,38.59567577857421,4.197679842991079,3.6427255663950784
2015-02-04T00:00:00+08:00,4290.962,17.64815076513044,57.73333590535591,38.8618033389772,67.05247653908435,62.071369741374625,2.199498167150112,3.2212830586169368,38.8618033389772,4.2077068220894285,3.6355609446917145
2015-02-03T00:00:00+08:00,4317.458,17.789926222535733,58.09388945826093,39.051643101226446,67.3739224703562,61.82375898256642,2.2174089728489763,3.2339972438336906,39.051643101226446,4.228198567154349,3.6359762620707103
2015-02-02T00:00:00+08:00,4227.981,17.37896059200283,57.01697286142093,38.4339340027262,66.1369707170161,60.90992004999765,2.166179828042195,3.1856224687774692,38.4339340027262,4.165372772300857,3.5848573309448333
2015-01-30T00:00:00+08:00,4287.844,17.737643116793347,57.55364909204355,38.7862657922163,66.18317969831791,61.19291917155804,2.2108948243750968,3.212932327308174,38.7862657922163,4.1798826428242695,3.581798201798266
2015-01-29T00:00:00+08:00,4342.749,17.97748753749847,58.09128233447836,39.148776672860414,66.67087956585304,61.90066645735007,2.2419815555753324,3.247795797609857,39.148776672860414,4.222650073872488,3.6334826782819696
2015-01-28T00:00:00+08:00,4383.216,18.184971683572353,58.67829818532023,39.38153428542062,67.08109567677121,61.90921229145389,2.2680707540313647,3.266226234876029,39.38153428542062,4.251680568189608,3.6536722948334575
2015-01-27T00:00:00+08:00,4425.595,18.409290327853235,59.087324380016064,39.59989104957983,67.30708617855221,62.56376491742242,2.295553586498595,3.2796003644734424,39.59989104957983,4.243361386645126,3.674546937496838
2015-01-26T00:00:00+08:00,4435.868,18.518918825841823,58.90814252473285,39.460532957651765,66.67379886158454,62.09841908214026,2.3096887494391507,3.2676578770471343,39.460532957651765,4.223255541188635,3.654732516452058
2015-01-23T00:00:00+08:00,4368.623,18.327141036542542,57.69594304578415,38.70887893935204,65.31167411298027,60.71638374978901,2.285758983775937,3.2059121996657782,38.70887893935204,4.148847445128483,3.5836649297895757
2015-01-22T00:00:00+08:00,4385.058,18.342065601070836,58.18720146929991,38.952281599410256,65.97716590841765,61.111451167807374,2.2880549594665327,3.230484129640576,38.952281599410256,4.184689277533108,3.60559144483525
2015-01-21T00:00:00+08:00,4342.22,18.219221900925717,57.582376893799335,38.508189481486745,65.29057318596037,60.94160183447889,2.2727675885851073,3.18908123515219,38.508189481486745,4.129698747199679,3.5709738495163754
2015-01-20T00:00:00+08:00,4196.971,17.48899310744339,55.98468065953248,37.52622622188775,63.9003897714815,59.375686619983874,2.181755743323908,3.1092325978913684,37.52622622188775,4.044125959955393,3.485297447769733
2015-01-19T00:00:00+08:00,4102.099,17.116812111558637,54.08165977008787,36.35682367912446,61.6616235712237,57.50952368712998,2.1354319276610796,3.0132441885202947,36.35682367912446,3.8993467741940737,3.385247628546938
2015-01-16T00:00:00+08:00,4349.651,18.327310806308912,56.6445327111965,37.95840799951523,63.05595487904007,58.61215577983229,2.2869579866292917,3.1396028785358734,37.95840799951523,3.9757966276956926,3.4707039195737375
2015-01-15T00:00:00+08:00,4304.687,18.10198075092323,55.972301488611194,37.57318543036553,62.3211809823046,58.10098161257429,2.258941937032276,3.1086791054258622,37.57318543036553,3.9295444481497612,3.422761165472476
2015-01-14T00:00:00+08:00,4220.656,17.59729947501924,55.16020719989542,37.08547554155032,62.01505067740009,57.50952368712998,2.1963708750152913,3.07383683055874,37.08547554155032,3.9110474300659956,3.397720263230317
2015-01-13T00:00:00+08:00,4236.69,17.648915621219974,55.38305434979215,37.2298589737807,62.13548684441123,57.88273013592159,2.203177389050437,3.091091546883834,37.2298589737807,3.9388812812964993,3.3998227999815755
2015-01-12T00:00:00+08:00,4209.383,17.55927582669778,54.61095268971733,36.76780646110728,61.33214863995882,56.65364135267973,2.1921113401878416,3.0524645535121895,36.76780646110728,3.8691174029029485,3.3595086956339677
2015-01-09T00:00:00+08:00,4257.059,17.799014205190986,55.53462706474247,37.37809879107994,61.48722066577596,57.526147655659976,2.2221385665529145,3.1113042473953367,37.37809879107994,3.9138982641087376,3.4229109088597554
2015-01-08T00:00:00+08:00,4277.761,17.82414825781252,55.83611168620251,37.60414810689028,61.73563699674971,57.818026008234675,2.225337359490471,3.1378114495961023,37.60414810689028,3.9246961030798113,3.455556447549543
2015-01-07T00:00:00+08:00,4341.894,18.17029884427322,56.37246837562452,37.89226165276297,62.0524288865125,58.211364699201,2.2687908513154675,3.161852634002895,37.89226165276297,3.9202773105722364,3.4772824595346314
2015-01-06T00:00:00+08:00,4338.934,18.12107317203327,56.619814099904666,37.971271338865755,62.08759978005871,58.29898204201787,2.2626513849975507,3.1635764417858203,37.971271338865755,3.9483347303707963,3.4754576277855014
2015-01-05T00:00:00+08:00,4310.693,18.04193608917577,55.79183645618993,37.49212924589446,60.988075208250415,57.3294208538042,2.2528475041939195,3.125505630585131,37.49212924589446,3.8724096696910597,3.404277015139096
2014-12-31T00:00:00+08:00,4219.002,17.39283129719568,55.0450948278103,36.59042822697599,61.337621972913404,58.03291690157981,2.1741005963937856,3.047247416285997,36.59042822697599,3.8052557668453826,3.32622149077463
2014-12-30T00:00:00+08:00,4152.926,17.026131863725723,54.33544870758748,36.09119062811943,60.927603780823354,57.679775419420096,2.131872601456548,3.019384109392206,36.09119062811943,3.7854639132784835,3.303312212875629
2014-12-29T00:00:00+08:00,4186.363,17.06597634488675,55.221257479457805,36.61218531271435,62.433295055178284,58.438994700529776,2.1376388903119277,3.069749034078093,36.61218531271435,3.844764259071889,3.364775869025975
2014-12-26T00:00:00+08:00,4210.809,17.07451277388574,57.04091992387162,36.96344929706845,63.81493342979318,59.75255898546161,2.1389864592801526,3.1143036273737943,36.96344929706845,3.9067804242745243,3.417000641896178
2014-12-25T00:00:00+08:00,4125.632,16.67994870746114,56.30279619680801,36.57529562331971,63.32349763393372,59.74210540663494,2.090191232849714,3.0916201620095505,36.57529562331971,3.8970443747045116,3.4130507418165874
2014-12-24T00:00:00+08:00,4027.006,16.191629557576135,55.191043042363695,35.92582736057607,62.56439912726913,58.88634215013246,2.029851047689314,3.0419963538946884,35.92582736057607,3.8395269585159935,3.3662125294846423
2014-12-23T00:00:00+08:00,4055.344,16.425890180644462,54.73465751296956,35.55267798982128,61.056551243597326,58.2410318779261,2.0593007415495714,3.0006290446440698,35.55267798982128,3.78628340674144,3.306124594341491
2014-12-22T00:00:00+08:00,4136.18,16.876196909175565,55.7047365192939,36.12012905016173,61.9634140400072,58.976895629078996,2.116004108677105,3.053329449686641,36.12012905016173,3.8476584655029296,3.343562626339358
2014-12-19T00:00:00+08:00,4217.024,16.911997114260295,57.569243370902946,37.36303691441177,65.48994401124081,61.62429542528038,2.1205347486166954,3.170921239193725,37.36303691441177,4.045553865722511,3.50951368680878
2014-12-18T00:00:00+08:00,4212.881,16.738757318214326,57.89964743744479,37.5415644942157,66.6099385571448,62.57285121626055,2.100000183660435,3.1911734509590604,37.5415644942157,4.128361738975242,3.560108035825537
2014-12-17T00:00:00+08:00,4225.942,16.79871782575661,58.092541948431865,37.63428857167516,67.00389315854311,62.49952954532795,2.1076737373418255,3.198173081731512,37.63428857167516,4.129010647121284,3.5721594091941338
2014-12-16T00:00:00+08:00,4210.718,16.637980617051454,58.44428203075884,37.89750763479565,67.85477953387725,62.78485500904842,2.0881433856348552,3.2315025667319843,37.89750763479565,4.203931079172283,3.6163434408740813
2014-12-15T00:00:00+08:00,4153.422,16.332059164549978,58.3698049303631,37.83020974194984,67.97598604427039,62.75643680396852,2.049726019600572,3.2260418579853334,37.83020974194984,4.206749183674296,3.616038271556264
2014-12-12T00:00:00+08:00,4105.878,16.225917010802817,57.48651841426637,37.34554031700368,66.49050756970495,61.75678167123451,2.0365766953074393,3.1852458359850484,37.34554031700368,4.140957317503996,3.5808765777533877
2014-12-11T00:00:00+08:00,4078.678,16.1270257781088,56.65495020921845,37.042061258427744,65.52935132701758,61.23478954279722,2.0246129564389714,3.1579766741459547,37.042061258427744,4.104722026925108,3.5476607734097336
2014-12-10T00:00:00+08:00,4074.052,16.161201733577933,56.03760512448843,36.58282326483244,65.19695329642302,60.75925193531773,2.0291302099275175,3.110060300833564,36.58282326483244,4.048292427791111,3.501117212698153
2014-12-09T00:00:00+08:00,3935.365,15.682689314522857,53.74900668495736,35.284664802802695,63.104939210367874,58.47155381788061,1.969188141984929,3.010119973184318,35.284664802802695,3.917158329423133,3.402768762400863
2014-12-08T00:00:00+08:00,4115.814,16.566884875484604,56.02918946651428,36.69539747705272,66.01697577289353,61.84907763752797,2.080515995066411,3.1373256607803564,36.69539747705272,4.1057855985187555,3.546362593404626
2014-12-05T00:00:00+08:00,4018.927,16.165458244520668,55.08902072259541,36.25325748037755,65.66121744309702,61.897826225144726,2.031085951769094,3.108294504645074,36.25325748037755,4.108903962812165,3.5677006876231974
2014-12-04T00:00:00+08:00,4051.312,16.062145588341107,56.6075799252887,37.18139772911533,67.91400514338608,63.72026967358896,2.018185300384334,3.1987433228522772,37.18139772911533,4.218291325652436,3.657568344650732
2014-12-03T00:00:00+08:00,3928.619,15.490119760468916,55.38091685786972,36.47920430058045,66.46461404451168,62.46932843720562,1.9463110846442726,3.143467010688893,36.47920430058045,4.157644592916481,3.6183302057418283
2014-12-02T00:00:00+08:00,3879.901,15.38015504260508,54.77921462911945,36.123224342709385,65.78840881418913,62.15449684923776,1.9332231826665933,3.1118109195793213,36.123224342709385,4.12973387766825,3.597200173585148
2014-12-01T00:00:00+08:00,3789.727,14.969955795548396,53.78689717685998,35.56192911179914,65.09611143381787,61.518770422813645,1.8817176076448219,3.070514470953962,35.56192911179914,4.082561256712905,3.5638562385341324
2014-11-28T00:00:00+08:00,3801.611,14.994033163631528,54.16096632186969,35.77922253397259,66.2307431843557,62.38079515728876,1.8848212825137198,3.0899705824681405,35.77922253397259,4.139131637721108,3.5954641309300626
2014-11-27T00:00:00+08:00,3765.199,14.738838774264224,53.714345732003686,35.55504120724146,66.22484425002268,62.29224230977783,1.8528600136960975,3.0790845249551184,35.55504120724146,4.132577335810916,3.588061477880309
2014-11-26T00:00:00+08:00,3730.455,14.599056984715473,53.34184747245019,35.29888029729392,65.844677579964,61.82441302249794,1.8355773496362306,3.056585905114885,35.29888029729392,4.135387347463226,3.5755464786359807
2014-11-25T00:00:00+08:00,3694.15,14.425898928496434,52.94241983813997,35.078907542364114,65.55865519882417,61.61570135443661,1.813919597260952,3.0405282358928236,35.078907542364114,4.110461308336324,3.5459853028038024
2014-11-24T00:00:00+08:00,3641.002,14.224167062842122,52.13062016925478,34.59337973396712,64.64696686106095,60.4696683854137,1.7886388323804698,2.9978415976665884,34.59337973396712,4.039603570830989,3.5140322765588126
2014-11-21T00:00:00+08:00,3575.874,13.997002314280499,51.14979499063253,34.05260482991816,64.08300056586853,59.806912333694136,1.7599583492746744,2.9550697653984126,34.05260482991816,3.994213860292193,3.4832690369436063
2014-11-20T00:00:00+08:00,3526.773,13.814900185299198,50.463993105530456,33.65665138223596,63.34026832193917,59.07855665884344,1.737479951780926,2.923882543552774,33.65665138223596,3.957216292482124,3.4433814142013492
2014-11-19T00:00:00+08:00,3529.697,13.82367958653422,50.60545898410714,33.698877540991084,63.54808247270584,59.33164443468255,1.7386154234876792,2.9266721080930145,33.698877540991084,3.964700974482201,3.4535105728352207
2014-11-18T00:00:00+08:00,3519.918,13.810102398697088,50.503418072221095,33.60086864445136,62.94383128560632,58.73155619899018,1.7369849595808373,2.914239360465336,33.60086864445136,3.94526901017333,3.4233436939962925
2014-11-17T00:00:00+08:00,3528.758,13.874809603988293,50.52865167109045,33.60976131527278,62.661010784351745,58.484539895437166,1.7462387487692455,2.911228251600672,33.60976131527278,3.9400979737678146,3.428782074522278
2014-11-14T00:00:00+08:00,3514.632,13.86285127261826,50.13595352182596,33.34883522701534,61.84000378323703,57.777055672087776,1.7450535292670002,2.8876163874112097,33.34883522701534,3.8779244191583864,3.394644875114236
2014-11-13T00:00:00+08:00,3519.254,13.879534558516315,50.0798430864068,33.422346253317535,62.014191514062944,58.097688350306356,1.7472821431317211,2.8994311881870107,33.422346253317535,3.902665506612441,3.3943276808149383
2014-11-12T00:00:00+08:00,3552.151,13.97514098587551,50.57012490246241,33.737990624415154,63.33168084289789,59.34069496203109,1.7594388376587313,2.9295287738150693,33.737990624415154,3.9760219869664892,3.438729911807687
2014-11-11T00:00:00+08:00,3499.258,13.833668532955024,49.68164483526142,33.205198045536136,61.746561901723304,58.36215988722277,1.7417263464069421,2.882364941843034,33.205198045536136,3.904176551148918,3.380167467421912
2014-11-10T00:00:00+08:00,3566.396,13.96015747887223,51.01264660501681,34.096437101240994,64.46814225858077,60.44169171872069,1.7577909106511542,2.969321130616362,34.096437101240994,4.044761031291522,3.5033108619991724
2014-11-07T00:00:00+08:00,3511.744,13.716583246453462,50.18422432599919,33.59194168676212,63.81694836478801,59.82346384685913,1.7274318415988525,2.931726891345768,33.59194168676212,4.045981689488726,3.491484043172375
2014-11-06T00:00:00+08:00,3531.785,13.775668638601784,50.51932799933337,33.85502899160418,64.63760852583725,60.82476598221394,1.735312005157449,2.960324273841897,33.85502899160418,4.083669805692178,3.5322668016427547
2014-11-05T00:00:00+08:00,3515.16,13.717465758719841,50.14310988899336,33.64755388522933,63.782807767665496,60.31586450347793,1.7281952409269736,2.9442510975238956,33.64755388522933,4.039552165100873,3.4974134224753097
2014-11-04T00:00:00+08:00,3523.298,13.764835168343655,50.37086916586814,33.74382019662489,64.22859861302436,60.0204928988715,1.7341448318180424,2.951406642465969,33.74382019662489,4.0132246423370255,3.4992460590884944
2014-11-03T00:00:00+08:00,3533.408,13.780923583937657,50.630549636978564,33.83531456888662,63.93934209737328,60.19354342038897,1.7365480471138828,2.9551590507570467,33.83531456888662,4.055716524977772,3.517843722724705
2014-10-31T00:00:00+08:00,3510.72,13.712571253539036,50.14778075049872,33.54335088664653,63.758707012157615,59.50143004887971,1.7285780535038515,2.918523297198299,33.54335088664653,4.012903705501674,3.4952418100774945
2014-10-30T00:00:00+08:00,3489.96,13.69098772844448,49.99464452304038,33.53536516291441,63.96389592821945,60.50414134141339,1.738729765474178,2.9174106823306603,33.53536516291441,4.041690727601696,3.5074232927877653
2014-10-29T00:00:00+08:00,3477.859,13.683403304528449,50.09643003414012,33.488317033275514,64.44462642393484,60.85525172319443,1.7516654294129261,2.913904036054453,33.488317033275514,4.044033525037172,3.529038187898303
2014-10-28T00:00:00+08:00,3429.542,13.523532580048357,49.56467061257548,33.08017079759471,64.72570759721981,59.84175513471764,1.736384999104722,2.8808749027477885,33.08017079759471,4.013137124678911,3.4962406069332492
2014-10-27T00:00:00+08:00,3351.835,13.265656291927328,48.34437528977551,32.32457200862357,63.58688553372214,58.86857350837738,1.7018784319690299,2.8133199226701677,32.32457200862357,3.926825631008527,3.4163304656578504
2014-10-24T00:00:00+08:00,3350.71,13.28826154663865,47.946622993214184,32.20438773206568,63.4164160816794,57.65184287375588,1.711107541616819,2.804899476278843,32.20438773206568,3.9037212555175924,3.3979143305149306
2014-10-23T00:00:00+08:00,3348.922,13.342705145726168,47.77467703706622,32.12611307029255,63.354095332453845,57.55263627838633,1.727019040764824,2.803800144395342,32.12611307029255,3.9135556145110577,3.3955376954210417
2014-10-22T00:00:00+08:00,3393.293,13.508981095759918,48.70292297013534,32.75161227854252,65.22129714361536,58.80819433528261,1.7478857735156696,2.8581352814777286,32.75161227854252,3.9967198313882535,3.4772932592762746
2014-10-21T00:00:00+08:00,3425.041,13.606665208467467,49.28182904191244,33.122406935121,65.98731621545447,59.82432080007342,1.7612138763251786,2.89556741446853,33.122406935121,4.042323511017045,3.5320022403548608
2014-10-20T00:00:00+08:00,3454.636,13.691527839854,49.212728092787806,33.17729883287296,66.47137419553943,60.37535165676002,1.775326891306719,2.921836486404978,33.17729883287296,4.071785570942692,3.5489433383284035
2014-10-17T00:00:00+08:00,3419.324,13.57457785580756,48.583509422162805,32.7841260031203,65.6347323741847,59.40441971854692,1.7603779094609056,2.8858845764498224,32.7841260031203,4.008871988534703,3.4996486837751704
2014-10-16T00:00:00+08:00,3442.783,13.663672923799782,48.989917628835904,33.08303029075041,66.28931290144911,60.80460276407119,1.7722835913500656,2.9237170558279306,33.08303029075041,4.040288040026356,3.5366399971350715
2014-10-15T00:00:00+08:00,3483.46,13.78489623118257,49.70623813430169,33.53281875741895,67.22195630129475,61.3144617997841,1.7883366837790566,2.9652282114246895,33.53281875741895,4.101086912288378,3.5937280703572423
2014-10-14T00:00:00+08:00,3464.743,13.71497609735756,49.44345536361637,33.38966354619841,66.77225506717662,61.360871853691435,1.7792601188642072,2.9517774336896694,33.38966354619841,4.094072664025929,3.5792701393357906
2014-10-13T00:00:00+08:00,3474.642,13.74897141491171,49.55080568701044,33.47182699271644,66.75514537201202,61.84271108468626,1.7835883561657893,2.9587028556242405,33.47182699271644,4.0899400292058985,3.60045740173648
2014-10-10T00:00:00+08:00,3482.063,13.788130063331993,49.63071592333115,33.49618286986432,66.8332957742503,61.727600216683136,1.7888391840553026,2.9549045498074706,33.49618286986432,4.104288008097716,3.607401451665628
2014-10-09T00:00:00+08:00,3499.159,13.862717901491079,49.908126702096204,33.643560407969886,67.1538526633935,62.17257754041361,1.7983249327694735,2.966427857950504,33.643560407969886,4.124942055825209,3.6210695163978244
2014-10-08T00:00:00+08:00,3489.708,13.824003688902073,49.86149031181176,33.55413337117802,66.95646489342468,62.00494199397046,1.7935681392166725,2.956269108952108,33.55413337117802,4.11351036369668,3.608102005110988
2014-09-30T00:00:00+08:00,3444.717,13.690246863634941,49.229979473684544,33.116445282105914,66.0874829608364,60.940844303642024,1.7765122229904242,2.9195693202109902,33.116445282105914,4.051755193014231,3.568545076660768
2014-09-29T00:00:00+08:00,3428.748,13.631796100799825,49.37964370305744,33.12510284248794,65.38704593751358,60.447497139092825,1.7688671578748034,2.9032194622998313,33.12510284248794,4.045112162410308,3.5489757378388718
2014-09-26T00:00:00+08:00,3403.216,13.556902518529224,48.9512819008389,32.8022380264207,64.90155482616878,59.7701488326656,1.759357147686846,2.8721525130676495,32.8022380264207,4.002456509272722,3.504929274451607
2014-09-25T00:00:00+08:00,3394.836,13.521967512827057,48.76587956926358,32.64975237937447,63.99044253302407,59.48953192876362,1.756325236558119,2.86031815335035,32.64975237937447,3.9891304529567964,3.5024739524343076
2014-09-24T00:00:00+08:00,3396.849,13.516940553553011,48.8204605698941,32.67151270368309,64.11436024501049,59.190917095706965,1.7560910668138043,2.862604746279236,32.67151270368309,4.003301012770438,3.4875752321491524
2014-09-23T00:00:00+08:00,3345.852,13.323534281427047,48.050701506940754,32.197295016976064,63.05541945855448,57.914439464694055,1.7302824286223848,2.821972243731062,32.197295016976064,3.9498168834328142,3.4321886187953
2014-09-22T00:00:00+08:00,3308.434,13.198383239213172,47.42351450827978,31.802343700182103,62.288227339811336,57.10746928326197,1.714022615671519,2.7858001028685253,31.802343700182103,3.892749444908618,3.3868893946627914
2014-09-19T00:00:00+08:00,3358.104,13.399840213964952,48.13291415152268,32.24220238843342,62.98040603644447,57.56008312702704,1.7413497526870625,2.825068161751509,32.24220238843342,3.9299033230850453,3.4192039092942452
2014-09-18T00:00:00+08:00,3329.809,13.309619069860416,47.71575713377916,31.972835864532964,61.92420616808919,56.745668014790866,1.7268957251553287,2.8013532178381855,31.972835864532964,3.8948193902091983,3.3899291104556424
2014-09-17T00:00:00+08:00,3311.88,13.24972318531182,47.49086853128859,31.80985121269386,61.67729503229289,56.48156123677169,1.7193950137712948,2.7837140649858965,31.80985121269386,3.8586811408425934,3.3630566137848295
2014-09-16T00:00:00+08:00,3289.848,13.180123220186465,47.098732167524076,31.53153921074623,60.95953915238625,56.19105500435823,1.7105321226011838,2.7575760505323044,31.53153921074623,3.8465642534105435,3.351795417396426
2014-09-15T00:00:00+08:00,3379.947,13.472409770148849,48.550778263592974,32.42090069913307,62.38319906676334,58.164515842106994,1.7487141425111965,2.8370829712713457,32.42090069913307,3.968906373582299,3.4411560794635236
2014-09-12T00:00:00+08:00,3361.658,13.405242931877636,48.03589207109354,32.103588846181694,61.96170376455694,57.14165209000918,1.7407828984513438,2.802666039034747,32.103588846181694,3.9284568354241127,3.4056902501554394
2014-09-11T00:00:00+08:00,3330.679,13.277889736532634,47.559228158520845,31.750316765136635,60.90109726991458,56.39809064859559,1.7251467384759052,2.7678825756328482,31.750316765136635,3.9016837691823065,3.371483435026534
2014-09-10T00:00:00+08:00,3337.427,13.31181626748395,47.6535072170472,31.782255906360458,61.038645294866214,56.177643273975704,1.7295810853834268,2.770963592771048,31.782255906360458,3.889309933745659,3.363482362449538
2014-09-09T00:00:00+08:00,3336.276,13.290928710940182,47.55707919094241,31.653979513661998,60.86802914355226,56.32322866141392,1.7293275916015904,2.7577994223110696,31.653979513661998,3.891752548125977,3.3427659942967876
2014-09-05T00:00:00+08:00,3326.792,13.271237393534282,47.322000891077586,31.47792625686611,60.384098097439214,56.101452929282424,1.7270626991825009,2.738834811081529,31.47792625686611,3.856279519203664,3.2990194160940516
2014-09-04T00:00:00+08:00,3304.756,13.177835291747433,47.02705816840739,31.28969738959411,59.884779332538535,55.940343509394154,1.7151917974776463,2.723209582402876,31.28969738959411,3.843505496990831,3.2989065367346506
2014-09-03T00:00:00+08:00,3277.319,13.072367912213121,46.40474656788577,30.943223078599576,59.32564317485415,55.05152214542645,1.7021774704360377,2.69914630254935,30.943223078599576,3.8030514039863377,3.2610711203718785
2014-09-02T00:00:00+08:00,3249.981,12.94947572487126,46.0172343255372,30.69981775510846,58.363668994119195,54.51479544707688,1.6864338524202431,2.6785032308343824,30.69981775510846,3.769923549704669,3.24181599840261
2014-09-01T00:00:00+08:00,3204.555,12.77567688806587,45.33177957622122,30.262417719439217,58.117595534323236,53.72441302185167,1.663861569237024,2.639358025417188,30.262417719439217,3.719112709015934,3.198958432517155
2014-08-29T00:00:00+08:00,3163.416,12.702492657753744,44.62656945712714,29.87679622898315,57.10350599514659,52.56308592740936,1.6496621262235156,2.6009840784061957,29.87679622898315,3.6468213186960874,3.150952042520106
2014-08-28T00:00:00+08:00,3128.228,12.628492521889841,44.11054853955459,29.617685824952908,56.743338614673334,52.06398164926569,1.6480286476593824,2.576505207381229,29.617685824952908,3.6181122386843336,3.1239284400971203
2014-08-27T00:00:00+08:00,3153.167,12.771653030648915,44.83230120377607,30.09403532436311,57.78467000278924,52.59300555692943,1.6619971026513414,2.5962155011322317,30.09403532436311,3.6344243499927322,3.1418037365280442
2014-08-26T00:00:00+08:00,3143.266,12.786237055265998,44.67988913688098,30.1051305674646,57.58956983134219,52.628407373858,1.6601054639414161,2.587710083207399,30.1051305674646,3.6163875982048177,3.12931634665902
2014-08-25T00:00:00+08:00,3186.192,12.947629816681165,45.6669056202796,30.692028375448356,59.02174884299838,53.846500825548716,1.681359570649812,2.6410289567975824,30.692028375448356,3.707275706015392,3.1933128756413063
2014-08-22T00:00:00+08:00,3212.504,13.06842788421762,45.77321909276733,30.936562880877826,59.593334163246624,53.89676748291989,1.6954112794970617,2.6602859218447534,30.936562880877826,3.7236687269383277,3.2104398514045926
2014-08-21T00:00:00+08:00,3192.984,12.99580521491745,45.23780344436414,30.788370057190363,59.06600776188389,53.954309323143455,1.6873126562707352,2.6449441867388614,30.788370057190363,3.719204924141468,3.198824407964338
2014-08-20T00:00:00+08:00,3197.243,13.029594015159848,45.356884217230444,30.830528553457935,59.03587348788937,54.02226763459549,1.6918816507835142,2.6485094784304475,30.830528553457935,3.7070434242379657,3.1925537581313717
2014-08-19T00:00:00+08:00,3203.565,13.0774284119593,45.27957677549079,30.866147700133386,59.25769327133004,54.08236579955873,1.7023364112309352,2.6478963685750165,30.866147700133386,3.715776914564126,3.201624035628998
2014-08-18T00:00:00+08:00,3196.869,13.065546149406876,45.26015384772123,30.853062014026293,59.00348083759517,53.616787803657665,1.698985958074928,2.6390903954851344,30.853062014026293,3.695431378941025,3.2103688967595603
2014-08-15T00:00:00+08:00,3162.779,12.955554925244428,44.631027253517914,30.477855030547826,58.51524972159665,52.535383859544346,1.6863663366998631,2.6072728316720637,30.477855030547826,3.6463771929400886,3.1497089320822633
2014-08-14T00:00:00+08:00,3129.168,12.84686350353316,44.384075481638,30.33518325482335,57.888085777746234,51.773025701553124,1.6708752792090156,2.582703839303095,30.33518325482335,3.609756599558347,3.1180424416782113
2014-08-13T00:00:00+08:00,3151.462,12.956961192254212,44.61666429849396,30.486247930569704,57.84536345640468,51.91418110914144,1.6852191479606586,2.5977859517486444,30.486247930569704,3.626395361815689,3.1214746851010267
2014-08-12T00:00:00+08:00,3150.046,12.953944248202031,44.69643463560824,30.52294174720644,57.845506724309914,52.06965648115835,1.6845050270743165,2.5937935836330466,30.52294174720644,3.629882539491049,3.1182175664885263
2014-08-11T00:00:00+08:00,3146.767,12.962373897591213,44.614436113518735,30.46540829165555,57.80406026151631,51.72543632923462,1.685720603564631,2.5864801738448118,30.46540829165555,3.6017195222208027,3.0992391189984554
2014-08-08T00:00:00+08:00,3100.805,12.78577544785352,43.90295367190571,30.01193130913883,56.73000163504625,51.39336913879067,1.662960746753654,2.5496029605509265,30.01193130913883,3.550785844048805,3.0625309821028357
2014-08-07T00:00:00+08:00,3086.341,12.731758733593578,43.81339779062038,29.922545771712247,56.135714437254734,51.02955477328273,1.6564137655491513,2.537052429180498,29.922545771712247,3.523772218101138,3.0397718415454187
2014-08-06T00:00:00+08:00,3122.618,12.892249166832157,44.459946569795775,30.280012543301453,56.652086458832635,51.071404837518564,1.676944691805465,2.5647641242933625,30.280012543301453,3.5471333006608408,3.0696357442587825
2014-08-05T00:00:00+08:00,3118.932,12.905972519243218,44.678433982969544,30.333127687891576,56.66707823942622,50.86375716455561,1.6759028144309045,2.553070351581823,30.333127687891576,3.535673518133037,3.0476048143421632
2014-08-04T00:00:00+08:00,3111.217,12.894596897136871,44.530641326170034,30.205758418307,56.380821558378756,50.50737122388117,1.67409968196716,2.537211858416214,30.205758418307,3.502739620926638,3.027638273656314
2014-08-01T00:00:00+08:00,3058.653,12.695274307756168,43.84160614062995,29.77232239918006,55.794328289835995,50.00111743750534,1.6480271921974088,2.4949616469505353,29.77232239918006,3.4607519843589585,2.978872722227856
2014-07-31T00:00:00+08:00,3089.054,12.798289590454361,44.26406436147729,30.10228777234937,56.31677148543752,50.63850868605911,1.6615410127702088,2.520901037231486,30.10228777234937,3.502278170312153,3.0276021466252314
2014-07-30T00:00:00+08:00,3058.965,12.690443667946408,44.03579675373413,29.891544742515173,55.927029277004905,50.43631972078306,1.6468855045313544,2.4996173620664233,29.891544742515173,3.481152993379972,2.99264023465464
2014-07-29T00:00:00+08:00,3057.031,12.68417763718473,44.09395053835958,29.887965294277617,55.58784402216316,50.00111743750534,1.6452127618393146,2.493689343165179,29.887965294277617,3.459803305362573,2.9747512250490056
2014-07-28T00:00:00+08:00,3035.288,12.621349690384507,43.83321528517781,29.71222496420385,55.05661759557412,49.464692276719845,1.6366188172845204,2.475310352116735,29.71222496420385,3.4184297435976605,2.9457709888372907
2014-07-25T00:00:00+08:00,2967.133,12.330561590354018,42.95578290183459,29.179624791108274,53.99681024190788,48.820900186350386,1.5987130701862526,2.432903799072149,29.179624791108274,3.366205937004744,2.891787585990888
2014-07-24T00:00:00+08:00,2938.45,12.211218339758533,42.54943448374957,28.9135903988385,53.564195345560215,48.77797731822547,1.5829190286738055,2.4090231043870243,28.9135903988385,3.3422026004520333,2.8654720265632663
2014-07-23T00:00:00+08:00,2919.56,12.110159628388773,42.25875630671936,28.77011804274104,54.311540856771764,49.00438526979804,1.5697439423421442,2.403482281866153,28.77011804274104,3.3611306598010615,2.8912582431079987
2014-07-22T00:00:00+08:00,2931.31,12.135391251558138,42.59159653113584,28.925068662513244,54.78064371067666,49.739519769883486,1.573366548042238,2.41825349687329,28.925068662513244,3.396360181464845,2.926592765244272
2014-07-21T00:00:00+08:00,2894.517,12.003088714897565,42.088304505248445,28.600249476915426,54.26125920011861,49.25645852676219,1.5561548016110411,2.389795963885092,28.600249476915426,3.3532409824329887,2.8841042558827894
2014-07-18T00:00:00+08:00,2897.002,12.026401684503023,42.26211328910134,28.694443955257967,54.32880234395589,49.28160144301558,1.5593001927933092,2.3984054402205803,28.694443955257967,3.371643230871708,2.8925517360278845
2014-07-17T00:00:00+08:00,2890.516,12.007342347374937,42.14661156107778,28.598196070761727,54.43659465178462,49.399627734513544,1.555446881711514,2.3920799915470994,28.598196070761727,3.3714661394153476,2.886074351645067
2014-07-16T00:00:00+08:00,2907.06,12.072525021344067,42.35831998584884,28.725166557866018,54.406361122286086,49.20820479800037,1.5621568214147934,2.401152692131902,28.725166557866018,3.3770538401400207,2.9033230519458266
2014-07-15T00:00:00+08:00,2925.128,12.125073608243964,42.60285370616506,28.858267056802408,55.4357651018898,49.82401581683014,1.5686643298167646,2.4137097795244373,28.858267056802408,3.4174101042388263,2.9146956057977738
2014-07-14T00:00:00+08:00,2927.797,12.124069461711859,42.647197858807765,28.84170124517278,55.4164390424464,50.05100347350204,1.5682999300879745,2.414684216141701,28.84170124517278,3.4383047885120996,2.9232498175739714
2014-07-11T00:00:00+08:00,2892.868,12.002641221496589,42.03332503369301,28.456232901769646,54.55177283581092,49.6924627960881,1.551286345963833,2.3836979949554298,28.456232901769646,3.394237296181285,2.87708892260543
2014-07-10T00:00:00+08:00,2876.897,11.949548405268535,41.736941843594494,28.25033128633358,54.237096936017075,49.402322876597,1.5405289501996615,2.360666566618385,28.25033128633358,3.36594821692658,2.855132759873067
2014-07-09T00:00:00+08:00,2880.613,11.991677924750952,41.67564057529579,28.17687489757895,54.73708770205056,49.279828494083546,1.5388370533158526,2.350962908944609,28.17687489757895,3.3608855783004863,2.8347487345650104
2014-07-08T00:00:00+08:00,2923.688,12.155337543158572,42.356299359631485,28.60357091158022,55.32730968136307,50.05884504305916,1.5593229582655281,2.384052967441869,28.60357091158022,3.414175867051602,2.8749623388788605
2014-07-07T00:00:00+08:00,2909.615,12.105107884516947,42.044595429087586,28.424941437121017,54.603285032490625,49.416172004197485,1.5528204181871708,2.3696803668017683,28.424941437121017,3.375643495560129,2.8588752093422247
2014-07-04T00:00:00+08:00,2911.076,12.105431793094445,41.94984844158488,28.382615041403028,54.39190783805062,49.46465394936809,1.5528765478473467,2.367873428573931,28.382615041403028,3.3847552406192283,2.857769292292316
2014-07-03T00:00:00+08:00,2914.799,12.114675246485188,42.07635946303062,28.434689073496784,54.95761291066019,49.417080108702706,1.5536065196959021,2.3706793220127707,28.434689073496784,3.3874703126740906,2.84798610291325
2014-07-02T00:00:00+08:00,2897.535,12.068801381438021,41.81587171739003,28.26535227814533,54.584452273647514,48.97444662486669,1.542663328993769,2.355402683022033,28.26535227814533,3.357178542748468,2.8283180556556133
2014-07-01T00:00:00+08:00,2884.265,12.01458445798221,41.55630018217699,28.104828302155987,54.142214230024095,48.747045822919404,1.5354118708480726,2.3408523419291027,28.104828302155987,3.3344029109035125,2.8243421008048077
2014-06-30T00:00:00+08:00,2875.344,11.92074125166847,42.86676256466334,27.74856445421918,54.34452054117297,48.80326301421355,1.5210308383029185,2.3060624438264457,27.74856445421918,3.247903575351028,2.7653258777687455
2014-06-27T00:00:00+08:00,2851.294,11.837609252821132,42.467487181495144,27.521388478686553,53.398193360584685,48.558154295583535,1.5101349800280524,2.286445644427416,27.521388478686553,3.2090820621083775,2.746897418082809
2014-06-26T00:00:00+08:00,2839.676,11.830417631490715,42.151535674735925,27.347368978836805,53.118850392209794,47.93115586390603,1.5039538936785304,2.2669924025407195,27.347368978836805,3.1801902526898456,2.7284808626587234
2014-06-25T00:00:00+08:00,2809.014,11.729241966893822,41.61935137666532,27.03288598830884,52.52922439224703,47.085270914913444,1.4907894447405239,2.2391581371806417,27.03288598830884,3.138595016408294,2.692685327347106
2014-06-24T00:00:00+08:00,2823.209,11.780986625600546,41.80252560294382,27.142688059206687,52.667670918735446,47.51146245190249,1.4958882097042738,2.247331217036745,27.142688059206687,3.151948317755958,2.694629379366072
2014-06-23T00:00:00+08:00,2806.457,11.719462856676195,41.59611336647079,26.989803335091914,52.38002678506671,47.00610904887253,1.4868538442698636,2.231637569089065,26.989803335091914,3.1320845562115527,2.6779928840914202
2014-06-20T00:00:00+08:00,2793.449,11.693569472692488,41.31956218305923,26.819415434441215,51.49399265134935,46.43063821417606,1.483056115014236,2.215114049376968,26.819415434441215,3.0995605269228452,2.6446201603819217
2014-06-19T00:00:00+08:00,2773.126,11.650125500467588,40.971777196545276,26.609303386742607,50.767514432701276,46.16843585394642,1.469844743218055,2.1957017144427486,26.609303386742607,3.0653220802423204,2.616795884594473
2014-06-18T00:00:00+08:00,2834.033,11.869232242861758,42.054492049607596,27.277610015482622,52.311839094117346,47.34570022585312,1.4971009769252557,2.2510423133964412,27.277610015482622,3.1556121394651138,2.698031150384061
2014-06-17T00:00:00+08:00,2850.275,11.936942455916828,42.45426597063185,27.49132771738526,52.76253659856056,47.67200764197223,1.50501215413392,2.2650344058327225,27.49132771738526,3.179369435038558,2.724249709002743
2014-06-16T00:00:00+08:00,2877.473,12.05006581982837,42.956919655724825,27.76418065456199,52.86350232284845,48.21801508368738,1.5185836551925387,2.284316231902339,27.76418065456199,3.205022051935693,2.7289897111758243
2014-06-13T00:00:00+08:00,2858.132,11.965509868729757,42.66702069490643,27.61242824312968,52.67984646533481,47.74658742484037,1.5075214180957326,2.271019397542662,27.61242824312968,3.186911780866461,2.7116634754457474
2014-06-12T00:00:00+08:00,2827.937,11.842124269746714,42.18796031166774,27.34528635477322,52.37533617419457,47.27068185946469,1.4919026912716566,2.2495333003805342,27.34528635477322,3.1500895747451563,2.6807028419632024
2014-06-11T00:00:00+08:00,2834.224,11.865146747590764,42.36982172751602,27.437608656053193,52.41183269739793,47.415848523211565,1.4945554046508864,2.253673257090508,27.437608656053193,3.15103101835703,2.6920461405229865
2014-06-10T00:00:00+08:00,2826.066,11.836272788792948,42.17082632017394,27.347172941795886,52.25653098530596,46.756508146757845,1.491092622856469,2.245080560683147,27.347172941795886,3.133778728120779,2.676081569390449
2014-06-09T00:00:00+08:00,2791.165,11.690496790906673,41.52917147074458,26.99136170985873,51.39865231080551,46.254153615375465,1.4734319346958333,2.2212851914324947,26.99136170985873,3.0787759815027003,2.6476623426693635
2014-06-06T00:00:00+08:00,2800.262,11.705044396090031,41.73968831176014,27.094464405057252,51.96122015298268,46.740560325879116,1.4751220498497108,2.229660639241644,27.094464405057252,3.1014869260791977,2.65507834751475
2014-06-05T00:00:00+08:00,2814.325,11.758450457134943,41.92463013004159,27.184276522474008,52.044794245441004,46.69905951800824,1.4815962939708882,2.237466355125478,27.184276522474008,3.115542418633624,2.659582386588858
2014-06-04T00:00:00+08:00,2781.954,11.644575164053927,41.40751758361254,26.882464835378663,51.21805393363837,45.996205092759446,1.4647627121805167,2.2133748594939386,26.882464835378663,3.0685762275478097,2.6219960419034645
2014-06-03T00:00:00+08:00,2805.939,11.729680289623237,41.98738640055012,27.12749302818653,51.4655458173964,46.459797293354825,1.475203682270455,2.232221196951688,27.12749302818653,3.095999763343165,2.6508245003389126
2014-05-30T00:00:00+08:00,2812.155,11.734901673680852,42.23452899169615,27.159136658723952,51.57276670802495,46.49538687609174,1.4740441637033612,2.234348996682279,27.159136658723952,3.0928300791585124,2.6479798968515134
2014-05-29T00:00:00+08:00,2807.799,11.727414680542738,42.26424023898058,27.15627092430552,51.4467856826263,46.46399782484595,1.4727490448283456,2.2300400618420038,27.15627092430552,3.079863329988039,2.641938626685519
2014-05-28T00:00:00+08:00,2833.387,11.804889026024647,42.58809216355025,27.315455682088285,52.0437602066019,47.06954799080911,1.4827035024604913,2.255794656459529,27.315455682088285,3.1191521389239383,2.6737994664064457
2014-05-27T00:00:00+08:00,2801.61,11.691321965228596,42.110402557400874,27.06815387573468,51.09222378727475,46.3914608132457,1.4682926724229006,2.2356464038954638,27.06815387573468,3.076399947791883,2.6412932870859214
2014-05-26T00:00:00+08:00,2812.252,11.728566001080655,42.50390658517699,27.192369038785998,51.37592884683786,46.6203971521825,1.4732492429109663,2.2444034209519734,27.192369038785998,3.081490244381428,2.6449820974042684
2014-05-23T00:00:00+08:00,2789.855,11.660023202008128,42.209030017633786,26.976025764334896,50.79957080284767,46.135329086125104,1.4643491498139447,2.224486375389013,26.976025764334896,3.0413787973924107,2.6153355844831454
2014-05-22T00:00:00+08:00,2763.344,11.570664052921572,41.75472422303539,26.737640480063547,50.15037355571449,45.705094060237016,1.452398499395605,2.2058535277848046,26.737640480063547,3.010531737982973,2.5885755957167076
2014-05-21T00:00:00+08:00,2765.505,11.573695305873597,41.766084340548694,26.765060558578682,50.433858322282006,45.805598298358916,1.4525787401843093,2.209558927625014,26.765060558578682,3.013740925048815,2.5810994273330197
2014-05-20T00:00:00+08:00,2740.789,11.474041845974694,41.32019348450826,26.533005993411884,49.974279350252154,45.206712717034364,1.4400061846358057,2.1895430131907623,26.533005993411884,2.971706546170529,2.5576268286995063
2014-05-19T00:00:00+08:00,2734.654,11.44987372577837,41.21881838944998,26.478451983336246,49.58973848613217,44.86147532639957,1.4368533577229192,2.1841456418868184,26.478451983336246,2.9635925116915827,2.5527103372182944
2014-05-16T00:00:00+08:00,2760.306,11.545498800244138,41.60518105648689,26.659413499262296,49.38069628204983,45.3117180621701,1.4486744925890283,2.1944069098338668,26.659413499262296,2.962290232794329,2.5564743215541794
2014-05-15T00:00:00+08:00,2763.497,11.544986585079252,41.64123620981471,26.673978340534994,49.825336183126474,45.14856217542893,1.448671901166053,2.1934015874569077,26.673978340534994,2.9675249706351408,2.5610639731434643
2014-05-14T00:00:00+08:00,2807.937,11.692134255981074,42.45589930138117,27.175897369629823,50.77016597641607,46.12240631577282,1.467118859828501,2.234983855304538,27.175897369629823,3.030542868142423,2.6083016113048423
2014-05-13T00:00:00+08:00,2809.571,11.699134323593395,42.557582178395876,27.200799920545567,50.967665799123985,46.003949574198174,1.4679140515196845,2.2361119426822267,27.200799920545567,3.0232240420985974,2.6125757078021548
2014-05-12T00:00:00+08:00,2814.106,11.713427845734127,42.50538791045128,27.22827989819682,50.931164335415446,46.115297538315374,1.4696909922710957,2.238348063461504,27.22827989819682,3.0243712361716337,2.605085169100186
2014-05-09T00:00:00+08:00,2752.848,11.475937628702566,41.41088147827979,26.604391911627467,49.90003766827976,44.888206992174865,1.4401862999517847,2.1831752099561994,26.604391911627467,2.964633270216355,2.5394831828181386
2014-05-08T00:00:00+08:00,2768.014,11.519337746441343,41.810750531809305,26.8199011153699,50.49679694433502,44.92374299194668,1.4456604221127882,2.197092276602155,26.8199011153699,2.998797775382217,2.569838264511305
2014-05-07T00:00:00+08:00,2768.451,11.508299670943998,42.09299891525245,26.78541688812224,50.48262938415329,45.204648119294745,1.4435892201380027,2.1900614851841937,26.78541688812224,3.0020975114485653,2.570452563814963
2014-05-06T00:00:00+08:00,2805.43,11.63370333495892,42.7765359045861,27.196888544584432,50.94049556367812,45.90131665404445,1.4592082182098038,2.2224561287206166,27.196888544584432,3.0482517631074058,2.6106052863673996
2014-05-05T00:00:00+08:00,2795.583,11.608388864566303,42.502023183153725,27.080445035988753,50.56889652201581,45.610281830121394,1.456147317740389,2.2114592820874632,27.080445035988753,3.024787107000541,2.5978672272373555
2014-04-30T00:00:00+08:00,2782.726,11.558977766164741,41.956785143418934,26.893497513092452,49.822331552405295,44.84267278726831,1.451630565195352,2.1934135638490466,26.893497513092452,2.991138779793944,2.5803188178748377
2014-04-29T00:00:00+08:00,2770.012,11.56613120537016,40.61010249771246,26.726071697157433,49.750008278515686,44.23448292484792,1.460670055593409,2.1808254014298383,26.726071697157433,2.9637993328313907,2.5572374773328144
2014-04-28T00:00:00+08:00,2737.388,11.498876984483987,39.57040003952784,26.559931355987256,49.61955959879542,43.032223920631125,1.4556294068802205,2.1588909165705408,26.559931355987256,2.9201328710455345,2.536690087794886
2014-04-25T00:00:00+08:00,2803.587,11.739931659617772,38.96598528125997,27.123944044854962,51.47553343707386,45.37216989105288,1.5008319898438922,2.2320646862668805,27.123944044854962,3.027535016931873,2.609635095946061
2014-04-24T00:00:00+08:00,2848.013,11.95070679763054,39.723323610983996,27.71044610216319,53.28910279928699,46.37092834777416,1.5303567053025897,2.281921244012073,27.71044610216319,3.1273779836958555,2.667078757941661
2014-04-23T00:00:00+08:00,2864.562,12.030392923911354,39.997011253316295,28.010487792880042,53.841905367006326,46.9438614817441,1.5375356051763074,2.299299616717061,28.010487792880042,3.1480144874371545,2.709031109193683
2014-04-22T00:00:00+08:00,2871.326,12.068029059678638,40.13723263201105,28.08224337156235,54.24862574869305,47.25548008005587,1.5431159824045517,2.305876642789618,28.08224337156235,3.168504408772576,2.7232365233566114
2014-04-21T00:00:00+08:00,2876.058,12.080011698276206,40.15705578329357,28.302941121975792,55.21526201600627,48.22981335967241,1.5440295513455462,2.318150279120202,28.302941121975792,3.20679194838585,2.750115808992082
2014-04-18T00:00:00+08:00,2922.43,12.231590067998022,40.34285271901706,28.63018788965531,56.067625515780406,48.68515886370891,1.567028441752439,2.3566648223056066,28.63018788965531,3.2530778594002014,2.78657705969375
2014-04-17T00:00:00+08:00,2916.663,12.227619788003226,40.3049092027642,28.52751527870716,55.35722642414773,48.256672961250764,1.567473715815444,2.352471637559638,28.52751527870716,3.2435751943186313,2.790417233425436
2014-04-16T00:00:00+08:00,2921.631,12.25916512522614,40.56101124951383,28.550874448704878,55.34320994501737,48.18612779751618,1.5709113175964198,2.355002469748262,28.550874448704878,3.2297207692714616,2.790038689389525
2014-04-15T00:00:00+08:00,2918.775,12.242872840555046,40.431077325352135,28.40220680769206,55.04039010335149,48.5962358047692,1.569433304886751,2.350019961804108,28.40220680769206,3.2438493926491323,2.788960531486704
2014-04-14T00:00:00+08:00,2952.683,12.412716285104587,41.31906339051519,28.686919751983297,54.909411433711206,48.569686875793096,1.5892999773451537,2.373007326513244,28.686919751983297,3.260006334498338,2.8039201458743643
2014-04-11T00:00:00+08:00,2943.269,12.380469494282975,40.78983609061856,28.241541273586922,54.36510608326435,48.10301552924742,1.5865309720114895,2.357222949334831,28.241541273586922,3.2257581415134164,2.782976937004406
2014-04-10T00:00:00+08:00,2951.853,12.410583437255063,40.83571816213214,28.27718997631595,54.3026663230711,48.20427858638516,1.5908836636080326,2.366556376569534,28.27718997631595,3.2358544331435795,2.787974526795044
2014-04-09T00:00:00+08:00,2922.666,12.268175382527016,40.392716516172705,28.15161306246234,53.831346159347824,48.1334959257105,1.5730869676010064,2.3560463472953086,28.15161306246234,3.222636746406184,2.790527435619595
2014-04-08T00:00:00+08:00,2906.994,12.20799377948374,40.13720049748083,27.93800433792387,53.389870715940674,47.57011781322604,1.565767538215383,2.342137527711794,27.93800433792387,3.1892246489292018,2.7661966909677185
2014-04-04T00:00:00+08:00,2860.838,11.9934254269972,39.55622939064263,27.588849294140488,53.06535377920575,47.20007148177791,1.5428375453027872,2.3181574890296908,27.588849294140488,3.1584002961097464,2.730309318897489
2014-04-03T00:00:00+08:00,2831.165,11.892415772814328,39.43956402352685,27.341323220567663,52.482438809584835,46.856157327234364,1.5293991882903748,2.2967562097646947,27.341323220567663,3.1296959489558613,2.6891833838837886
2014-04-02T00:00:00+08:00,2841.915,11.97707428916995,39.59495710110328,27.416404298244085,52.28064479244099,46.69095100270741,1.5376592762030772,2.3038203334357514,27.416404298244085,3.1272935474486716,2.688223154572073
2014-04-01T00:00:00+08:00,2834.97,11.938752663883916,39.373681117081986,27.284492021103897,52.53415814828592,46.69494588314545,1.5330628482284414,2.2999049767700743,27.284492021103897,3.140012484737501,2.695299238922916
2014-03-31T00:00:00+08:00,2801.243,11.810705411704143,38.5580459742174,26.894658897888068,51.58676231911445,45.88052991569327,1.519210361515827,2.2689319469978777,26.894658897888068,3.085489203129769,2.6483119342102683
2014-03-28T00:00:00+08:00,2815.035,11.96952521300553,39.170218599008784,27.109203216727146,51.872466429620424,46.730125225600375,1.5340776241129184,2.2890223651613857,27.109203216727146,3.1036873885103597,2.672279834942068
2014-03-27T00:00:00+08:00,2851.409,12.124946692033117,39.937640185770356,27.457557361619195,53.31747051295272,47.96455271682974,1.5519026406628333,2.3315586203569203,27.457557361619195,3.192504055549384,2.7437495676182317
2014-03-26T00:00:00+08:00,2887.804,12.27952248365106,40.36474176184191,27.692642029003846,54.5263154953681,48.99204310126855,1.5720913733284763,2.365787311025322,27.692642029003846,3.2725567722475666,2.795591324152902
2014-03-25T00:00:00+08:00,2883.674,12.254105545091265,40.50474381078838,27.683227295552083,54.17589930944971,48.925397299839986,1.5713858768478532,2.365812334617136,27.683227295552083,3.262271962849683,2.78558760931555
2014-03-24T00:00:00+08:00,2884.39,12.263980021064532,40.41506456913135,27.59310023162989,53.577976067629805,48.91204355135899,1.5735559665206023,2.3651164543605483,27.59310023162989,3.2488055189235188,2.7896303230272523
2014-03-21T00:00:00+08:00,2866.001,12.163090894616017,40.06412559334161,27.229215795417417,53.07034850390852,48.6927049438641,1.5646519291689627,2.341197625956851,27.229215795417417,3.240140319505935,2.774983916883082
2014-03-20T00:00:00+08:00,2795.262,11.911061353083896,39.156895210343855,26.671794490572342,52.37112207924162,47.977005716499846,1.5306088085176848,2.2902747478760386,26.671794490572342,3.197426858013623,2.733203335798772
2014-03-19T00:00:00+08:00,2856.785,12.146813728269452,40.08568661916417,27.187811560227143,53.93974431769922,49.64292063810661,1.5586819405821188,2.341256080462686,27.187811560227143,3.2967508094409763,2.8010709296348058
2014-03-18T00:00:00+08:00,2869.029,12.192530946487189,40.06755628749429,27.098453363964193,53.36002734408431,49.368398430198184,1.5638116103733175,2.3353068030690696,27.098453363964193,3.2950969540090203,2.800094446282982
2014-03-17T00:00:00+08:00,2863.736,12.187192527056537,40.07926910295413,27.02770697342924,52.880484152020564,48.70720397830304,1.5620784783073285,2.328643326085948,27.02770697342924,3.2777861385845775,2.776433643008338
2014-03-14T00:00:00+08:00,2819.057,12.041796512593272,39.66268167948986,26.496118654076316,51.82423497571458,47.33543062035042,1.5423343131793745,2.2896781919110967,26.496118654076316,3.201775076680034,2.7207543822765707
2014-03-13T00:00:00+08:00,2834.672,12.136440519783225,40.246922156280164,26.622092725576227,51.64196427862803,47.461200414186976,1.5527113507050048,2.3009525114305083,26.622092725576227,3.218187992898644,2.7298083750090196
2014-03-12T00:00:00+08:00,2799.262,11.97018535685927,39.66305338502693,26.30157449559548,50.95499617918921,47.287261698568244,1.5334649295633485,2.2780345017745884,26.30157449559548,3.1810879908437286,2.698950624304854
2014-03-11T00:00:00+08:00,2797.95,11.989343595935178,39.628104256391254,26.272723710792828,51.17469760996532,47.03321051532994,1.5358099341345108,2.277116712050445,26.272723710792828,3.184045248866006,2.708396188654
2014-03-10T00:00:00+08:00,2792.686,11.981938515229787,39.369748292497334,26.122179930011058,51.276123790175866,47.36871354138623,1.5351306669461082,2.2712812867103342,26.122179930011058,3.1921017625946284,2.708095054419591
2014-03-07T00:00:00+08:00,2893.162,12.351168538884805,41.17068149317846,27.187921561317104,52.9147394638245,49.17350523974805,1.5824193794780195,2.358108253734195,27.187921561317104,3.31799354830649,2.8110129715172105
2014-03-06T00:00:00+08:00,2901.321,12.37563778263179,41.42652875139471,27.300949364922463,53.01052264964473,49.1612383617031,1.5866565764557343,2.3680427571144094,27.300949364922463,3.3244340215899992,2.821802002444111
2014-03-05T00:00:00+08:00,2895.412,12.347428922724387,41.269159940457335,27.169727706615642,52.9664319817961,49.287596947627115,1.5826609117801638,2.362535833032151,27.169727706615642,3.3194311703072343,2.8139908413629873
2014-03-04T00:00:00+08:00,2912.228,12.431595211839975,41.48002219363918,27.29035831906872,53.09467157595978,49.55260796133785,1.5932781847746569,2.368411208506891,27.29035831906872,3.322964794020035,2.8002900888139513
2014-03-03T00:00:00+08:00,2915.714,12.459877262875127,41.669964819145285,27.300182411384064,52.64842345533032,49.60091343324689,1.5966617398082046,2.369878059936857,27.300182411384064,3.3254636304682625,2.8154552527789987
2014-02-28T00:00:00+08:00,2877.257,12.340369145803477,41.274776210702235,26.872869694402393,51.50818302904659,48.680019769120655,1.5803413792631478,2.3300876070449714,26.872869694402393,3.247913783105995,2.761072067721493
2014-02-27T00:00:00+08:00,2846.489,12.25685862748909,40.687804417558816,26.4680606420305,50.71906558769284,47.71839367233149,1.5700092877893965,2.3074730995217227,26.4680606420305,3.2185304693250227,2.735790832307431
2014-02-26T00:00:00+08:00,2873.723,12.292509236098168,41.03648731855335,26.682725934699658,51.96112662460083,48.572137129508874,1.5748495713371784,2.3288039873730377,26.682725934699658,3.272062937223512,2.767652449002077
2014-02-25T00:00:00+08:00,2860.967,12.23953996242007,40.55559253780143,26.50292097872346,51.618009230825216,48.383285796290224,1.5685181957175613,2.3122677529595306,26.50292097872346,3.2471862328134407,2.7601900460723225
2014-02-24T00:00:00+08:00,2955.74,12.567470743072624,42.000272820844565,27.36239811977385,53.632229441288345,50.4439024225176,1.610281568528879,2.392611521564192,27.36239811977385,3.378843620715287,2.8607656354515787
2014-02-21T00:00:00+08:00,2984.666,12.721572213557137,42.589384989523,27.684205739244263,53.39337832256704,50.21657770589411,1.6303541831298276,2.4093420464689728,27.684205739244263,3.3663215002825084,2.867613662345527
2014-02-20T00:00:00+08:00,3005.346,12.834803274973241,43.02050136379539,27.919960769885268,53.06517918887615,50.54675910782588,1.6449033265917896,2.429298846032054,27.919960769885268,3.389891380146346,2.8751735551790714
2014-02-19T00:00:00+08:00,3042.601,12.916258389548917,43.63404599979509,28.24536946913129,54.18005495541797,51.68520903773075,1.6556156296394453,2.4582603771229565,28.24536946913129,3.4479209090229017,2.9340593309322602
2014-02-18T00:00:00+08:00,3024.971,12.80545213968225,43.4341177185099,28.1087378043745,54.27624089697492,51.62570498009256,1.6413386731003028,2.449397731669886,28.1087378043745,3.4483563557577726,2.930521704674395
2014-02-17T00:00:00+08:00,3044.691,12.895799187821071,43.69950425801257,28.2183299770631,53.66019268754275,51.62980943060049,1.6531774140949893,2.45492993781522,28.2183299770631,3.4483317230986326,2.942865391999739
2014-02-14T00:00:00+08:00,3002.928,12.738599898879416,43.07351713078659,27.816186439985792,52.88933279783311,50.45072760670554,1.6333235637469865,2.415887017607082,27.816186439985792,3.3713736646967782,2.8686011549338497
2014-02-13T00:00:00+08:00,2964.697,12.60858767163205,42.33161742612972,27.348105590949583,51.962650304644704,49.36548760284249,1.6166535971868605,2.3751193797437073,27.348105590949583,3.2976465627651947,2.8153072154661745
2014-02-12T00:00:00+08:00,2999.061,12.7151697418006,42.943533109480654,27.70606199620034,52.67777493824284,50.67201880715699,1.6303243058480172,2.4070478852529695,27.70606199620034,3.3644003503360977,2.8611634469339435
2014-02-11T00:00:00+08:00,2977.536,12.650316076339003,42.46120251928111,27.41295519628134,51.86556459625053,50.05585456828826,1.6219935703389636,2.379602675953774,27.41295519628134,3.3106059121420275,2.8066986123777236
2014-02-10T00:00:00+08:00,2965.066,12.574225991634028,42.169765237776005,27.256490855657578,51.932507399010866,50.108453131283156,1.6122200150860924,2.366802649179772,27.256490855657578,3.2901003494941596,2.800761013414646
2014-02-07T00:00:00+08:00,2890.698,12.306165135021134,41.06367752655186,26.553469977175894,50.62777687050549,48.73586637333585,1.5778403496711504,2.306333003393371,26.553469977175894,3.196934810017474,2.7102834965335267
2014-01-30T00:00:00+08:00,2856.842,12.20407996331183,40.53970422894662,26.2321406964844,49.46539855843584,47.932904816161425,1.5647505006725606,2.2738135399462402,26.2321406964844,3.1422782274088212,2.6627374424617427
2014-01-29T00:00:00+08:00,2879.786,12.301060311758722,40.9352786127168,26.458730566315964,50.02713563199339,48.504667566562794,1.577182398645237,2.2892868979921155,26.458730566315964,3.1500645908367066,2.6800268648308028
2014-01-28T00:00:00+08:00,2859.085,12.222072832556321,40.66564997019566,26.316809430712613,49.50693745243626,47.651334572311285,1.5669917889881835,2.275500660014152,26.316809430712613,3.1154181303401414,2.6670645495387904
2014-01-27T00:00:00+08:00,2860.212,12.208275151521377,40.76060432922455,26.346332883249623,49.90661112337038,47.78236815441456,1.565532256571175,2.2793741102836513,26.346332883249623,3.127263741659807,2.663804524423601
2014-01-24T00:00:00+08:00,2882.484,12.314882434317624,41.01147280708786,26.514756554316115,50.27423575567537,47.951394221459985,1.579523283922785,2.292230312869848,26.514756554316115,3.131856466752848,2.6713515311070215
2014-01-23T00:00:00+08:00,2854.229,12.218480973236352,40.52045855184782,26.206312112992038,49.74461369417854,47.321926832531794,1.5672353391174128,2.266368088458758,26.206312112992038,3.0914992515926336,2.652604375310854
2014-01-22T00:00:00+08:00,2849.942,12.224285516751168,40.39348359625289,26.121852367753416,48.90148779321442,46.789335288729966,1.569022274040495,2.259975670595473,26.121852367753416,3.071268297591048,2.6185380217423395
2014-01-21T00:00:00+08:00,2781.523,11.966933268556941,39.341770612377324,25.48448459051493,48.20462419343093,45.696815651617705,1.536007740986411,2.2077102979780774,25.48448459051493,2.9980898352830625,2.5623369226648958
2014-01-20T00:00:00+08:00,2746.047,11.842142554647666,38.73821427052215,25.13073919438822,47.53945894682448,44.928542329665305,1.5200416827468124,2.1770713842945844,25.13073919438822,2.947630522468427,2.521006205136728
2014-01-17T00:00:00+08:00,2764.64,11.932533515578754,39.028465468986155,25.301599046313036,47.77701875876758,45.377161783819766,1.5316674893473787,2.18958301589018,25.301599046313036,2.973295877783777,2.5317323734564186
2014-01-16T00:00:00+08:00,2798.913,12.038679615477342,39.5607730452569,25.649608141076758,47.93110478559696,46.064181148119395,1.545434992710564,2.2160202356925733,25.649608141076758,2.997060658663323,2.5652875871675787
2014-01-15T00:00:00+08:00,2797.388,12.044749675715225,39.45281417005909,25.57029513105138,47.85709843029898,45.962494214017575,1.5462091637821405,2.210430197628661,25.57029513105138,2.9961248882379636,2.562414630886731
2014-01-14T00:00:00+08:00,2788.848,12.031380153390268,39.32307541981093,25.512734295925345,47.44502594923252,45.42665128340239,1.5445693422834552,2.2032327994477954,25.512734295925345,2.966651256357254,2.535781056247808
2014-01-13T00:00:00+08:00,2748.419,11.892704804385707,38.46720770772333,25.037887662484984,46.14348230016064,44.384882376040565,1.5268952828792066,2.1631044008862483,25.037887662484984,2.909254296899794,2.478198766835124
2014-01-10T00:00:00+08:00,2758.993,11.905801434785698,38.564125375572246,25.105823817435375,45.85244051551442,44.15593502084087,1.5286771415805245,2.1674921671917486,25.105823817435375,2.9175165144096513,2.4795923295822826
2014-01-09T00:00:00+08:00,2793.496,12.015235307711439,39.15648576780017,25.451958145852824,46.725160703088086,45.04136040308893,1.5434633540958695,2.203486790217965,25.451958145852824,2.9744564545746854,2.519218131964365
2014-01-08T00:00:00+08:00,2825.825,12.131340361330379,39.63357564674457,25.810185432978074,47.72229945648369,45.88713362348185,1.5597827731403373,2.239616854385422,25.810185432978074,3.0315901300390915,2.5680326007720504
2014-01-07T00:00:00+08:00,2814.103,12.11048297948253,39.61488397201592,25.836361786334102,47.10615251865876,45.45115985678926,1.557232337929678,2.2403986894555956,25.836361786334102,3.0201962585594933,2.5581724431045907
2014-01-06T00:00:00+08:00,2803.288,12.090809178841532,39.43033004932082,25.729621297368027,46.530346460272995,44.89778508570222,1.5547101765540057,2.230256524121025,25.729621297368027,2.9894909155962885,2.533753225956239
2014-01-03T00:00:00+08:00,2874.322,12.331716957999632,40.70871306847747,26.507599860832222,48.27124628125693,46.14864109789875,1.5851865386022506,2.2983315710627235,26.507599860832222,3.0854638495881885,2.628288922281123
2014-01-02T00:00:00+08:00,2900.626,12.445041351202944,41.149707389435974,26.762982915063837,48.08106756430009,46.36311129339782,1.5998899246359934,2.318506766027316,26.762982915063837,3.0953327764707925,2.6527717469205587
2013-12-31T00:00:00+08:00,2893.208,12.417939598283727,40.99836951946993,26.644556549162,47.583281337301734,45.29212674681193,1.596877554944764,2.305941284428677,26.644556549162,3.0665988312483274,2.61183516327725
2013-12-30T00:00:00+08:00,2871.449,12.323441896394304,40.82260438947899,26.543774836271048,47.63592409108285,45.38943146804634,1.58498822750052,2.2993923581637605,26.543774836271048,3.0578858050620403,2.61198955503643
2013-12-27T00:00:00+08:00,2866.675,12.326039992229493,40.711291308108066,26.461470263745106,47.40040954049271,44.92792918402618,1.586057895573141,2.291035942571893,26.461470263745106,3.0486375241590373,2.593372870847192
2013-12-26T00:00:00+08:00,2819.026,12.146310116858302,39.94063431111246,26.009336109686174,46.36396724207833,44.02398509383062,1.5630630392101705,2.2513241575052,26.009336109686174,2.9870927201063076,2.547356963787177
2013-12-25T00:00:00+08:00,2868.537,12.33297089570924,40.745375210144644,26.533054218298393,46.91319094996465,45.36906790114802,1.5886277857388122,2.2966728375395675,26.533054218298393,3.0444717533539967,2.6040926472555825
2013-12-24T00:00:00+08:00,2838.264,12.220143650511517,40.12758730464002,26.196252741491694,46.11178904366104,44.18002016636043,1.5742151365076276,2.269179183473115,26.196252741491694,2.995559960882744,2.5530086923394086
2013-12-23T00:00:00+08:00,2823.994,12.174436495569317,39.777259965757985,26.005581945214985,45.731161351301836,43.77588218365338,1.5686755063398625,2.2540356271754542,26.005581945214985,2.9626775825654224,2.5249558675223254
2013-12-20T00:00:00+08:00,2823.694,12.124684567822953,39.828854524313755,26.104827255206146,45.86113714652512,43.68705179879977,1.5625928697361655,2.2644026218839417,26.104827255206146,2.9722414125970085,2.5425507368309286
2013-12-19T00:00:00+08:00,2874.123,12.366364807608642,40.396146449471615,26.518480686166853,46.372527532087936,44.15570033526143,1.593941562799949,2.297823212065243,26.518480686166853,3.007738884891335,2.573965281703253
2013-12-18T00:00:00+08:00,2902.258,12.46988891217931,40.80627612474784,26.77550490222258,46.664237837147915,44.64267129295965,1.607383080799494,2.319373506527661,26.77550490222258,3.041979541761533,2.598364409732311
2013-12-17T00:00:00+08:00,2903.89,12.48865505839693,40.783295806928436,26.784861028288695,46.794221932027774,44.79403823689236,1.6099524695441352,2.3204975378922854,26.784861028288695,3.0373274206647434,2.6058155161070147
2013-12-16T00:00:00+08:00,2920.043,12.551959507805824,41.042856226514154,26.950703447426775,47.23283012381142,45.010170812099076,1.6183335648975505,2.3335670664124257,26.950703447426775,3.0626716772597016,2.608682739878062
2013-12-13T00:00:00+08:00,2964.938,12.736482396140504,41.68687228006188,27.367102058676174,47.8617520521469,45.681814923744525,1.6424889640230855,2.370898098872707,27.367102058676174,3.105131266230897,2.6593191561851226
2013-12-12T00:00:00+08:00,2962.427,12.750618882262657,41.53343474163508,27.27344305761933,47.54705174068476,45.315569127111175,1.6444152442457483,2.362259941466913,27.27344305761933,3.0986243778558378,2.6511038000280096
2013-12-11T00:00:00+08:00,2955.243,12.730259002681672,41.3770451540566,27.175317497050205,47.14454813696224,44.795421732546004,1.6419447715100217,2.3527139270302873,27.175317497050205,3.082697658810216,2.6409035509882504
2013-12-10T00:00:00+08:00,2993.845,12.9002378089379,41.83648118445307,27.486735793331246,47.53991581147857,45.12198621665229,1.6640035929894683,2.381401492519218,27.486735793331246,3.110467646053381,2.675886812477678
2013-12-09T00:00:00+08:00,2991.352,12.901037145802295,41.73379894319762,27.454625953922584,47.48674519176769,45.39757155269169,1.664276376366226,2.3796285300190205,27.454625953922584,3.1138356167483603,2.6686686102417077
2013-12-06T00:00:00+08:00,2977.315,12.859949880580489,41.31933984925557,27.22157932379026,46.914134642486665,44.53839170537836,1.6590349541772167,2.3594629204110587,27.22157932379026,3.085444467997179,2.637870225230466
2013-12-05T00:00:00+08:00,2991.008,12.903032295587936,41.4618970703764,27.256221899819092,47.0239785783171,44.566685565922654,1.6646605529703804,2.3644367787491376,27.256221899819092,3.089552093505747,2.6403978400058556
2013-12-04T00:00:00+08:00,3000.601,12.9485545535145,41.42321703732286,27.254485485231097,47.20174244159873,44.941641241811375,1.6705679117863421,2.363084006110643,27.254485485231097,3.0939867025343437,2.6411562386297374
2013-12-03T00:00:00+08:00,2960.485,12.802388655055477,40.76351530109709,26.844666114671064,46.6989784693743,44.61948232457458,1.6517186485997553,2.326834760265994,26.844666114671064,3.0463090945026914,2.593921359011433
2013-12-02T00:00:00+08:00,2918.935,12.685482158393654,39.87730635628239,26.350788373233982,46.026627195639705,44.004451644831505,1.6367082208091688,2.2842798727668945,26.350788373233982,2.9952048775435207,2.545899822323018
2013-11-29T00:00:00+08:00,3008.753,12.908546926167,41.64543843267434,27.523810019087698,48.73385637261583,47.29971474040603,1.6654900352008253,2.397430591199255,27.523810019087698,3.183189957503572,2.7167842135166373
2013-11-28T00:00:00+08:00,2995.76,12.869870944764335,41.41994444877017,27.35217596613001,48.444979842156975,46.543014366512466,1.6609551776357216,2.381368301968192,27.35217596613001,3.1566208104370683,2.692240741072263
2013-11-27T00:00:00+08:00,2968.902,12.759928454368351,40.97308467699967,27.089384381272367,47.99142713950797,46.036181649407496,1.6468210723100605,2.3609299981580056,27.089384381272367,3.1291684464736558,2.660329163861917
2013-11-26T00:00:00+08:00,2933.351,12.634594915041019,40.5553006474114,26.82756252561711,47.419322829363885,45.06475264663988,1.6307772941330116,2.3368633258712492,26.82756252561711,3.0993334267402877,2.633219416671177
2013-11-25T00:00:00+08:00,2929.886,12.639223552224369,40.40128852323732,26.77393854939425,46.8698444302404,44.986268895465315,1.631916094982855,2.328295300286368,26.77393854939425,3.0800194681728743,2.607268247224381
2013-11-22T00:00:00+08:00,2935.141,12.684644865872919,40.32583943073151,26.73778314126736,46.727101470568435,44.910864766975706,1.6383937584294417,2.3263845693850462,26.73778314126736,3.0731695295006327,2.6079307176395075
2013-11-21T00:00:00+08:00,2949.041,12.724620308409431,40.56594447746231,26.855865690503165,46.96373073248304,45.03174012985484,1.6435644780912597,2.334780781410731,26.855865690503165,3.0912474566615686,2.622726132341404
2013-11-20T00:00:00+08:00,2962.503,12.74380418984602,40.85680906067875,26.99538044937116,47.30629818776315,45.223178666924326,1.6460299149996553,2.3430427834044942,26.99538044937116,3.1004513077401086,2.6293686048792337
2013-11-19T00:00:00+08:00,2941.947,12.664497819847947,40.527468519544264,26.78097746605311,46.78975223446972,44.75846254303079,1.6357892666611495,2.3226098060950684,26.78097746605311,3.0695112510523734,2.6134136472670315
2013-11-18T00:00:00+08:00,2946.823,12.677612080344852,40.4745499250762,26.719567958917782,46.64395356387205,44.83613645401918,1.6374913576076258,2.315566905750236,26.719567958917782,3.0561493002382067,2.5920207488146687
2013-11-15T00:00:00+08:00,2865.325,12.350642248929589,39.41114069319567,26.130090878688257,45.58228044806745,43.694356364524396,1.5953345619834558,2.2645111999952485,26.130090878688257,2.9832596262776083,2.5408164891783187
2013-11-14T00:00:00+08:00,2809.204,12.14590745648851,38.605489552010916,25.632022355934808,44.83883363132216,43.00097034186584,1.5692900545075679,2.223038880427218,25.632022355934808,2.933409805258619,2.5002505110321227
2013-11-13T00:00:00+08:00,2779.225,12.044586806969946,38.133176570656346,25.345506668234776,43.93113667366179,41.9551870571816,1.556193183460361,2.194044130270348,25.345506668234776,2.8866269599257572,2.4615121283881205
2013-11-12T00:00:00+08:00,2836.469,12.266410404790195,38.91883609707853,25.86281128940338,44.500891406942216,43.06138882203004,1.5850225582524904,2.2383955103597453,25.86281128940338,2.9274950161838778,2.506862730398061
2013-11-11T00:00:00+08:00,2808.512,12.162641679398982,38.30600854377578,25.603439505509314,44.02043386589135,42.334188567718506,1.5721285012241446,2.2159400980554476,25.603439505509314,2.9052973302544967,2.4788153544251292
2013-11-08T00:00:00+08:00,2795.865,12.119132899712817,38.034425093934594,25.439145379884966,43.56660858582825,41.99987126761131,1.5665046084547012,2.199425347644538,25.439145379884966,2.879794228790675,2.4536892663352288
2013-11-07T00:00:00+08:00,2835.46,12.254163345095698,38.640577287605346,25.81520407463577,44.15121728608766,42.37216742403444,1.583999371401443,2.230515523859831,25.81520407463577,2.9213520143827916,2.488141694706743
2013-11-06T00:00:00+08:00,2862.247,12.332118306174428,39.07815691136838,26.089837088940975,44.75490033112438,43.18746238548022,1.5941352935929498,2.2564515634359426,26.089837088940975,2.9584346968768074,2.524311150164274
2013-11-05T00:00:00+08:00,2893.989,12.439631898105837,39.53371486890102,26.326752066892286,45.40826011209302,43.27968214296537,1.6082481489180764,2.273258802257905,26.326752066892286,2.987501000045101,2.548135048229253
2013-11-04T00:00:00+08:00,2871.912,12.365300911295822,39.210416785459145,26.08890315355305,44.622851878479004,42.80891819470307,1.5986284641132078,2.250171677600618,26.08890315355305,2.9440563236609525,2.5245952450762803
2013-11-01T00:00:00+08:00,2866.136,12.349758559040325,39.05980814263416,25.974964901109566,44.1372135081091,42.53067410676328,1.5969085507821064,2.2371041408896373,25.974964901109566,2.927260630570387,2.4891983273970486
2013-10-31T00:00:00+08:00,2865.648,12.325815501413427,39.12280502739107,26.036151439517006,44.44065560633044,42.727078663569436,1.5938056849683737,2.243561343561456,26.036151439517006,2.936670120160828,2.481496910237566
2013-10-30T00:00:00+08:00,2905.017,12.636278716805315,40.003079281851115,26.3333448896803,44.94615507442478,43.06745699047101,1.6348550132113353,2.263014685792898,26.3333448896803,2.98138770813088,2.4989672090001487
2013-10-29T00:00:00+08:00,2860.937,12.593355071323748,39.81180640770445,26.092179365524895,44.614853945038504,42.57273047854449,1.6264511362678724,2.229709973808224,26.092179365524895,2.944779696141586,2.4630669223697503
2013-10-28T00:00:00+08:00,2893.297,12.72670098865651,41.415972149153504,26.97064079704109,46.27632832371395,43.890388406654566,1.640635349947996,2.2993468227176996,26.97064079704109,3.052150360169917,2.554915717126723
2013-10-25T00:00:00+08:00,2897.496,12.846821987128264,41.77001944988465,27.161157065687803,46.25828757896044,44.13267680681284,1.6515804815271657,2.31363754968363,27.161157065687803,3.0657324162309827,2.588314836629779
2013-10-24T00:00:00+08:00,2944.277,13.052129675009775,42.25339525030109,27.678814581843977,47.13958918120057,44.769710739085845,1.6790783908684603,2.3565842035153706,27.678814581843977,3.1248820186023254,2.637571857317996
2013-10-23T00:00:00+08:00,2965.482,13.184884573014335,42.62256655642699,27.832097189713824,47.79505339813507,45.221768250677755,1.6946549371278623,2.3733301102652797,27.832097189713824,3.1494752216051487,2.6612806291644673
2013-10-22T00:00:00+08:00,3019.576,13.413771288867146,43.805542260760234,28.520786479111973,49.48197647965488,46.44498905601589,1.7208533748447967,2.428080196841801,28.520786479111973,3.232466533516585,2.730160833684018
2013-10-21T00:00:00+08:00,3051.973,13.548147565753162,44.590018837115984,28.83571307055987,49.96478158996511,46.99796885501388,1.7378580648759496,2.443058842666674,28.83571307055987,3.2615662155231675,2.7389187241555
2013-10-18T00:00:00+08:00,2986.386,13.312067156522858,43.58430806965479,28.267973714863963,48.57710798657078,46.02418634043715,1.7065319901163802,2.3935780589060824,28.267973714863963,3.168315537476064,2.6800773688718738
2013-10-17T00:00:00+08:00,2969.985,13.262594367327427,43.46665111843484,28.212668301435418,48.70240028052045,45.68746538080778,1.7002471486587583,2.3864208736403425,28.212668301435418,3.155105173199661,2.6718408776174236
2013-10-16T00:00:00+08:00,2976.25,13.279095861484983,43.508810858497725,28.190857164403347,48.38702117664149,45.63539878373913,1.7024253383529915,2.3805574727990515,28.190857164403347,3.150423246465118,2.6632150751040897
2013-10-15T00:00:00+08:00,3048.279,13.545179968419681,44.752240620897844,28.900820053139572,50.0617932536175,46.849754537546936,1.736613025639463,2.443484908343713,28.900820053139572,3.245901745298115,2.7319925088944395
2013-10-14T00:00:00+08:00,3051.612,13.586469821735388,44.771357161554214,28.937481589870522,50.197406839982946,47.42831168812933,1.7415880337984004,2.4457943145739964,28.937481589870522,3.2503583438301185,2.7497384181448337
2013-10-11T00:00:00+08:00,3033.06,13.51917059037094,44.2864510508516,28.653934092148848,49.60872855568451,47.16445459946101,1.7328770352442466,2.42063259428371,28.653934092148848,3.208512493811375,2.7033290532612573
2013-10-10T00:00:00+08:00,2987.007,13.3202367187238,43.612549223204354,28.20232158791365,48.89241028178834,46.53047263246656,1.7073941404707549,2.3826162891378835,28.20232158791365,3.1525274465303452,2.6729890422794917
2013-10-09T00:00:00+08:00,3013.55,13.436343960790749,43.94368064320745,28.382993149564992,49.181744816198545,46.96927225829465,1.722717343227698,2.396341334855086,28.382993149564992,3.177516873606674,2.697105134603653
2013-10-08T00:00:00+08:00,2987.541,13.344813540048888,43.497617528956496,28.117858820748452,48.46381803053851,46.338101672600125,1.710981930401508,2.371909750590948,28.117858820748452,3.130223901432386,2.6521885640295055
2013-09-30T00:00:00+08:00,2942.847,13.18258336099972,42.76286212057208,27.681642281413566,47.459962289243116,45.48181188441366,1.6901879391850527,2.334071885394079,27.681642281413566,3.07407530277344,2.6170143598511184
2013-09-27T00:00:00+08:00,2913.179,13.07525364275462,42.342905563300334,27.38526068239174,46.6713155579876,45.11948517728152,1.6763161224107854,2.3099487076774636,27.38526068239174,3.0201516042911414,2.5817531363804447
2013-09-26T00:00:00+08:00,2902.388,13.04181813902738,42.31699548229141,27.354370241108114,46.723366163281206,44.835648803715934,1.6720247387884002,2.3075970529630934,27.354370241108114,3.021418238124613,2.585518744066647
2013-09-25T00:00:00+08:00,2956.957,13.266399634465786,43.08337653052496,27.887377040896634,47.51775926682739,45.5053458965334,1.7002433651916398,2.351558495559325,27.887377040896634,3.0636663584298445,2.628820834340379
2013-09-24T00:00:00+08:00,2972.427,13.325523357316483,43.28224212725544,28.027034976087442,47.84193509363858,45.97504910513815,1.7078177370245329,2.362691991823502,28.027034976087442,3.097050907548791,2.6322162070436854
2013-09-23T00:00:00+08:00,2987.094,13.390906147851126,43.300869733060786,28.086226868108028,47.76498904078328,45.785683574678174,1.7161819428139278,2.3661350503393113,28.086226868108028,3.0894175252068528,2.6359338699469848
2013-09-18T00:00:00+08:00,2933.503,13.188368110029707,42.48635254432978,27.609892642141464,46.64298937217298,44.835648803715934,1.6903290134872058,2.3247684425615875,27.609892642141464,3.0268091571413773,2.5803883042172964
2013-09-17T00:00:00+08:00,2917.217,13.139750845679522,42.16092192800172,27.419905675253354,46.25262177894932,44.370738510402894,1.6840866750533878,2.307129091488309,27.419905675253354,2.996544528210474,2.5609498794632746
2013-09-16T00:00:00+08:00,2972.232,13.386760020764367,42.87747700609236,27.958123443125366,46.746550919479795,44.88957824008946,1.7156054530506275,2.349912183665187,27.958123443125366,3.036164597986766,2.6117619818177444
2013-09-13T00:00:00+08:00,2972.439,13.391993496052907,42.86065193683256,27.953135186437244,46.51841968715656,44.845676938664596,1.716309108579575,2.3490653273771662,27.953135186437244,3.03073744183256,2.600462751534714
2013-09-12T00:00:00+08:00,2979.315,13.453056063080162,42.71864950844483,27.948782640250617,46.3967548895764,44.5606517232616,1.7241302615876763,2.3522987888231697,27.948782640250617,3.0258929828441534,2.5947592069186474
2013-09-11T00:00:00+08:00,2961.37,13.380244692236033,42.46195611310174,27.849642963907634,46.37918825356081,44.305577244019155,1.7107289594346773,2.346637312999518,27.849642963907634,3.0110156989032943,2.5925109594722624
2013-09-10T00:00:00+08:00,2971.761,13.40193520201453,42.85554788901657,27.957302296775538,46.926971302475714,45.08198911611515,1.71463925929129,2.3541252840437648,27.957302296775538,3.0614370625331317,2.612431192715192
2013-09-09T00:00:00+08:00,2939.44,13.295206859172822,42.5149624299707,27.672243606724017,46.6737899975643,44.93343731359289,1.7003153549939407,2.3269045936564083,27.672243606724017,3.0486881673395447,2.5911985588398396
2013-09-06T00:00:00+08:00,2876.202,12.934933924907266,41.80689270800089,27.273897328875474,46.86678719168287,44.92947679501275,1.6544411693145107,2.29776683449651,27.273897328875474,3.026371709800333,2.568848012766666
2013-09-05T00:00:00+08:00,2855.097,12.846447425185454,41.52764537724109,27.111195871760916,46.402960694522704,44.496498867336655,1.643170309914698,2.2828186260557968,27.111195871760916,3.002120082135681,2.558679434204408
2013-09-04T00:00:00+08:00,2855.856,12.845289017832194,41.64714652794885,27.176581877009603,45.93445560996229,44.219300913788246,1.6459558342217773,2.28784570596994,27.176581877009603,2.995843159253208,2.546449126341227
2013-09-03T00:00:00+08:00,2855.009,12.830233791288883,41.75487980807357,27.183890812837227,45.82326337767869,44.34444406392855,1.6439970218944366,2.2843067973154394,27.183890812837227,2.9867282046677395,2.5497225941217847
2013-09-02T00:00:00+08:00,2812.887,12.665874557116243,41.10354879443052,26.807204003808934,45.290076722939176,43.96338006712844,1.6230433209279285,2.2541980814115496,26.807204003808934,2.9496153843455133,2.5101673727506975
2013-08-30T00:00:00+08:00,2799.244,12.646649326766594,41.12932273303397,26.80900044170291,45.26950556812807,43.46281613262602,1.618790021597509,2.2441533664568074,26.80900044170291,2.9207485315398856,2.4781893527438497
2013-08-29T00:00:00+08:00,2819.857,12.838683902241211,41.55867423820111,27.103322492902787,46.52852631647918,44.31958346994912,1.6373657117914868,2.262652741482316,27.103322492902787,2.9838969685873953,2.5208536268328325
2013-08-28T00:00:00+08:00,2825.69,12.948588737752655,41.52517093228601,27.118109026348023,46.533531576081295,43.930074286770314,1.6471786020449186,2.2605485130532403,27.118109026348023,2.9809841723816177,2.5293784685724545
2013-08-27T00:00:00+08:00,2845.871,13.006825096456398,41.88250400376616,27.385297630276824,47.15956271694152,44.58547980029125,1.6565305660259109,2.2736863787650874,27.385297630276824,3.018618114365634,2.558915194906394
2013-08-26T00:00:00+08:00,2830.995,12.971351323389703,41.42668706467406,27.23615101345566,46.60209221777618,44.607636490666444,1.652002052475799,2.2544315012444303,27.23615101345566,2.9916440814603007,2.5536877035785976
2013-08-23T00:00:00+08:00,2773.276,12.755779821057383,40.285875610471464,26.765824235430035,45.40460505957584,43.587013662084786,1.631119978687273,2.211196294540334,26.765824235430035,2.9321526893736305,2.512259448312765
2013-08-22T00:00:00+08:00,2785.147,12.878129602086014,40.63036535774419,26.97090297972101,45.59229731026481,43.46321239758721,1.6414517915210367,2.2263593888451063,26.97090297972101,2.950945948840559,2.5216402601667216
2013-08-21T00:00:00+08:00,2784.149,12.909727565200303,40.73048930163599,27.055499622864325,45.69517839081897,43.49775488085679,1.6437313861054152,2.2289862322578857,27.055499622864325,2.9518368927657717,2.5254183754387936
2013-08-20T00:00:00+08:00,2778.129,12.884890581440578,40.45425991634249,26.886885343552947,45.140376624789376,42.87765228954595,1.641116371420264,2.212912775807395,26.886885343552947,2.928337640166006,2.500172250429199
2013-08-19T00:00:00+08:00,2789.959,12.941479854148271,40.40908007586734,26.94721265285746,44.88284607856308,42.2012603671087,1.6518281883264765,2.2184652881764872,26.94721265285746,2.9393474030210864,2.5021988001873643
2013-08-16T00:00:00+08:00,2747.392,12.824960705438947,39.90521307514851,26.553865078335377,43.853380459092875,40.814875550039496,1.635712258038762,2.1830007105641327,26.553865078335377,2.880827652546033,2.4511261427947817
2013-08-15T00:00:00+08:00,2786.785,12.96328635858509,40.63179621641028,27.061520914622815,44.82727210629825,42.13425664020063,1.6529689881326695,2.223837879824634,27.061520914622815,2.9367267098419854,2.512931139625305
2013-08-14T00:00:00+08:00,2819.042,13.0912567598503,41.18821338744023,27.359532515465858,45.37473549213265,42.447710901524346,1.6693011741371142,2.2473258459810794,27.359532515465858,2.9784678192110388,2.547737468634666
2013-08-13T00:00:00+08:00,2828.362,13.124605721030301,41.23738438269947,27.437895648120936,45.59187519902795,42.472823724406595,1.6747758436606481,2.255816545777504,27.437895648120936,2.984035287327916,2.5523682142590927
2013-08-12T00:00:00+08:00,2815.565,13.094903481283149,40.90714320670532,27.29182712423486,45.259655251105784,42.34277404508526,1.670077204907112,2.239248579797299,27.29182712423486,2.9559800440859734,2.5339934073783708
2013-08-09T00:00:00+08:00,2757.316,12.837147452450209,40.12033376624682,26.7758564598893,44.76219939719606,41.986604699654364,1.6375975800237892,2.2000230816292055,26.7758564598893,2.918515933872639,2.50537937834841
2013-08-08T00:00:00+08:00,2749.009,12.810563479489893,40.099104782252304,26.634677381501493,44.52843095401301,41.944324879998206,1.633687390244928,2.190505755061664,26.634677381501493,2.9233566434133986,2.496476588640661
2013-08-07T00:00:00+08:00,2747.081,12.799146583279342,39.91390448575051,26.552617836230652,44.458653054610465,41.7904839620535,1.6326124209951152,2.1851167525488107,26.552617836230652,2.9086702601934866,2.481948863227222
2013-08-06T00:00:00+08:00,2770.214,12.91381963799153,40.30626914280387,26.774325411364607,44.8679070761959,42.54037953845639,1.64652674839547,2.2047635247496804,26.774325411364607,2.9387004436212147,2.5022196297313766
2013-08-05T00:00:00+08:00,2747.292,12.8421901033886,40.02549208868826,26.582088226501003,44.5051304235721,42.06420816323795,1.636754959345379,2.1852230961521983,26.582088226501003,2.9076975879295004,2.4875418540082874
2013-08-02T00:00:00+08:00,2707.501,12.68590052120147,39.35713806821058,26.18725381244361,43.8921208291452,41.33720655461418,1.6169158461270827,2.1531345281234673,26.18725381244361,2.857432687729822,2.4465700203299803
2013-08-01T00:00:00+08:00,2701.693,12.671633591684264,39.18583031648893,26.0644493003227,43.5270332225301,41.131437747769596,1.6151367683633353,2.1438193408307966,26.0644493003227,2.837895785855485,2.430886960196126
2013-07-31T00:00:00+08:00,2632.492,12.409047457182428,38.0897650353223,25.40682436831556,42.10240669779631,39.85486193310797,1.581679015005169,2.091109174145885,25.40682436831556,2.7556647513235486,2.3600305362698206
2013-07-30T00:00:00+08:00,2623.496,12.394133223241221,37.90252892148915,25.304883184882975,42.00234421886698,39.76533040029521,1.5776170373691554,2.082809884225731,25.304883184882975,2.749931721792583,2.3482234983262256
2013-07-29T00:00:00+08:00,2619.838,12.339147590352976,37.814965241922536,25.262359143715923,42.24975500625379,39.82412623273499,1.5705453671807919,2.0787625121119224,25.262359143715923,2.766477404824529,2.3597876029011813
2013-07-26T00:00:00+08:00,2672.79,12.562888238673937,38.6167531616645,25.719927658985313,42.80146326776149,40.335957082826894,1.5992581499750578,2.114887395580328,25.719927658985313,2.813104409343287,2.3973308062915644
2013-07-25T00:00:00+08:00,2681.397,12.611042411401137,38.66888235360949,25.74118521361938,42.69283823116916,40.21171427457788,1.605166107315429,2.1178106326074144,25.74118521361938,2.8060848299070056,2.398017657258981
2013-07-24T00:00:00+08:00,2715.14,12.738882239547433,39.305058771486415,26.116522494918485,43.57315555937491,41.46992957033,1.6209422653419288,2.146587177952922,26.116522494918485,2.8697274271951616,2.4391008759250745
2013-07-23T00:00:00+08:00,2716.077,12.75866072465288,39.23195844053291,26.086641473408136,43.25764432155141,40.98828321402411,1.6226089293464139,2.141991602013709,26.086641473408136,2.8429911311088905,2.427470252128305
2013-07-22T00:00:00+08:00,2645.861,12.497791620060918,38.188261841576015,25.450867791645564,42.08190250567435,39.91199971557168,1.5893440473704223,2.0900533501804968,25.450867791645564,2.768739483300112,2.3629271118922954
2013-07-19T00:00:00+08:00,2613.576,12.390078524003359,37.61843123424605,25.139464709145898,41.27258340080703,38.84170132827486,1.5743527506578174,2.060575874975536,25.139464709145898,2.7011874373719387,2.3246429519053606
2013-07-18T00:00:00+08:00,2675.37,12.591625411972744,38.575415077734924,25.769713361229112,42.35302006874595,39.70111585360998,1.5998508134234055,2.1093572441107096,25.769713361229112,2.7734295080097255,2.376223482218994
2013-07-17T00:00:00+08:00,2700.007,12.70184184574616,38.84371879181039,25.923302852660235,42.20175542099646,39.65829588461864,1.6133134815756496,2.118637455041642,25.923302852660235,2.7564836550049563,2.3841695731571235
2013-07-16T00:00:00+08:00,2739.98,12.856444762501004,39.356044075520266,26.243411908971805,42.556770618798964,39.966164686565754,1.6327475507889455,2.145423911195685,26.243411908971805,2.807314428489165,2.400043357325351
2013-07-15T00:00:00+08:00,2719.189,12.788891178406615,38.979613877115675,25.975196701646087,42.07508437134905,39.42624869492918,1.6240509073799325,2.1209429065597782,25.975196701646087,2.7658779501501813,2.369289866609872
2013-07-12T00:00:00+08:00,2671.817,12.631015655065134,38.301432052368824,25.557803845410533,41.14535710711203,38.36922352219538,1.604008858327262,2.0844855202813144,25.557803845410533,2.7121543867498503,2.3117666305435716
2013-07-11T00:00:00+08:00,2710.371,12.79737161925137,38.76584487760188,25.84008475108283,41.28498101945499,38.34153129120085,1.6247801481811284,2.1051401944091346,25.84008475108283,2.725958570846646,2.3283570927485946
2013-07-10T00:00:00+08:00,2615.197,12.414288484547162,37.44312828053309,25.045958099249837,40.33321173364502,37.85087184140486,1.5731121927461114,2.0457988779704834,25.045958099249837,2.6649175282804936,2.25936718610137
2013-07-09T00:00:00+08:00,2543.034,12.145031752524936,36.366788280334305,24.307500135634992,39.15070643826886,36.6583651442387,1.5388555822700105,1.9860122336121342,24.307500135634992,2.5801927768813884,2.1911411982247015
2013-07-08T00:00:00+08:00,2535.79,12.099810872912837,36.18744186396439,24.197814520060447,38.9857201109249,36.37109438951253,1.5330186944932036,1.9747811340892933,24.197814520060447,2.577458197546672,2.1718628387154384
2013-07-05T00:00:00+08:00,2620.474,12.432031477535336,37.731877558072796,25.197005345091018,40.608282404229456,37.99298407765459,1.5728567850276032,2.0590864018145942,25.197005345091018,2.6885360552907476,2.276424712551375
2013-07-04T00:00:00+08:00,2626.447,12.435123221008899,37.87527076727589,25.259942751287408,40.837169307602885,38.766413666674964,1.572740489465195,2.064525594357161,25.259942751287408,2.7043574094792966,2.2885729975382096
2013-07-03T00:00:00+08:00,2607.739,12.360759895980836,37.49504622422858,25.025410198576587,40.41868754086476,38.642101640784475,1.5634344288205992,2.045312621506344,25.025410198576587,2.683094189071798,2.2770610171156065
2013-07-02T00:00:00+08:00,2617.395,12.412258601803506,37.83066895594551,25.20148273472635,40.41611436410118,38.379116596823145,1.568989224423647,2.0552519440383676,25.20148273472635,2.7008170956701245,2.273266289224085
2013-07-01T00:00:00+08:00,2590.968,12.301425253934005,37.36589036837597,24.90569659066152,39.894414042797635,37.32084252528149,1.554854450299942,2.0296493328223653,24.90569659066152,2.6478995468349895,2.2421092426160056
2013-06-28T00:00:00+08:00,2557.201,12.146967500578427,36.74877344149117,24.538448926568172,38.7998964562037,36.3532558057384,1.5347566629756808,1.9977788470527715,24.538448926568172,2.5815496011895562,2.1997329055626547
2013-06-27T00:00:00+08:00,2534.052,12.008700507404328,36.51417886303615,24.45858267681779,39.19951220094468,36.45670567443995,1.5124534325675956,1.9972376731308532,24.45858267681779,2.6001518505138628,2.1929605518933806
2013-06-26T00:00:00+08:00,2558.25,12.058700279528418,36.994658200594415,24.792403248332022,39.93950629351971,36.99449990995825,1.5182691969061508,2.029244015454104,24.792403248332022,2.636403638106824,2.238913172023205
2013-06-25T00:00:00+08:00,2530.912,12.010619598537572,36.45484053935113,24.492328634876152,38.749379638965756,35.983276214388994,1.50419723118252,2.004024112080198,24.492328634876152,2.5813142673846903,2.1941547924564544
2013-06-24T00:00:00+08:00,2537.954,12.024993882992652,36.542024291134204,24.640302244095995,38.85827913725777,35.9858297869302,1.5059044196715752,2.019107992105064,24.640302244095995,2.578660461807017,2.2162313769154216
2013-06-21T00:00:00+08:00,2704.654,12.71469767801868,39.019784691276634,26.24247023066418,41.04153672398094,38.53211657291346,1.5920674452757448,2.1535895723316627,26.24247023066418,2.7420612109409173,2.3612881971661994
2013-06-20T00:00:00+08:00,2713.976,12.818279391139644,39.328975845682486,26.42277622342663,41.49672213530428,38.72994590007231,1.5981110927123776,2.167989190811724,26.42277622342663,2.7621518801164338,2.363697619871681
2013-06-19T00:00:00+08:00,2805.031,13.20550847929095,40.65248816768941,27.268990345311487,42.93537820252416,40.221790892209036,1.6461198653614615,2.2347589794489586,27.268990345311487,2.8586228587187414,2.4500589669291815
2013-06-18T00:00:00+08:00,2823.215,13.296257250393078,40.96184600726911,27.43274279931883,43.16381404498808,40.242756549624744,1.6550468034973653,2.24494402968678,27.43274279931883,2.8691772894043805,2.4597766134071666
2013-06-17T00:00:00+08:00,2810.437,13.27717612693155,40.87118962688616,27.382452797645698,43.1688350074294,40.47637950723408,1.6466943919336383,2.238221419878604,27.382452797645698,2.8524765394761555,2.4431198229434288
2013-06-14T00:00:00+08:00,2813.827,13.297370218105396,41.01978560617407,27.416789124919173,43.050281742976004,40.2541017995893,1.6489241302142392,2.235417669588226,27.416789124919173,2.837761985555663,2.4491098567366216
2013-06-13T00:00:00+08:00,2777.612,13.15938836152616,40.35277175481493,27.01681867783885,42.01827994859797,39.032329887780556,1.6316257459875505,2.201068256796554,27.01681867783885,2.7736958936735983,2.4069288361039476
2013-06-07T00:00:00+08:00,2865.332,13.534839216667155,41.719974240365524,27.92511780903769,43.15213693636514,39.73411746842172,1.6764227155067568,2.2724806065768357,27.92511780903769,2.8603274948450923,2.484824846689149
2013-06-06T00:00:00+08:00,2913.961,13.72774494682854,42.657924257463435,28.44414880311272,43.55921435644685,40.59385932632471,1.6984710135003278,2.309701812684038,28.44414880311272,2.89922565065937,2.528684180314176
2013-06-05T00:00:00+08:00,2956.436,13.903947992644374,43.48346657418108,28.933384911397745,44.24205021564613,41.22640239178686,1.7171342163001528,2.3470269610993264,28.933384911397745,2.9507921987437524,2.570580489371151
2013-06-04T00:00:00+08:00,2953.44,13.889016134593776,43.35110162509779,28.862727013500077,44.24148602272015,40.82582998047087,1.7145763339653222,2.3387130519091395,28.862727013500077,2.9326557462297407,2.562777107954203
2013-06-03T00:00:00+08:00,3004.292,14.0807462826708,44.40449140754341,29.46354012056532,45.11250741200216,41.71508571932423,1.7379414878475328,2.3863071760721613,29.46354012056532,2.989279159431855,2.5962350106601852
2013-05-31T00:00:00+08:00,3017.226,14.117648824253713,44.69198041414233,29.61696351153748,45.32979162549129,42.43617591956441,1.7409876119209315,2.3963112800121573,29.61696351153748,3.0108621704941663,2.626205319478776
2013-05-30T00:00:00+08:00,3042.46,14.220413360027162,45.0241489555335,29.82483727489879,45.556934647218775,42.652436696315846,1.7534615930742834,2.4091329857403303,29.82483727489879,3.0294757473619054,2.6351920187946734
2013-05-29T00:00:00+08:00,3044.275,14.259706888846411,45.54144212896206,30.089384752449078,45.27958542601696,42.4280840797101,1.75668953850411,2.4075351921704677,30.089384752449078,3.016326095673383,2.644129145385975
2013-05-28T00:00:00+08:00,3035.986,14.226324284295936,45.315002900729866,29.92896902069504,45.04835579129339,41.807210214179506,1.7524716382544094,2.39322739514705,29.92896902069504,2.9853341061015906,2.6269955825915643
2013-05-27T00:00:00+08:00,3009.879,14.1045618713132,45.223244708046806,29.837430010521246,45.316592468667714,42.53833966893496,1.7370506816028404,2.390350845192579,29.837430010521246,3.0073809787172205,2.6153182854111456
2013-05-24T00:00:00+08:00,2994.764,14.055050421373247,44.89705834977199,29.62609680446618,44.7275120513971,42.27067222167739,1.7306534025740408,2.3735059402424574,29.62609680446618,2.9777156122409716,2.6029050030667387
2013-05-23T00:00:00+08:00,2965.256,13.949666538933212,44.32955953833085,29.26710000026214,43.819028799051495,41.191425597057936,1.7172222286827654,2.3409741642038964,29.26710000026214,2.9361520284206755,2.5507149879194237
2013-05-22T00:00:00+08:00,2996.776,14.090401681689844,44.7215019314363,29.52068363134886,44.10976820157048,41.42765554830271,1.734851666795849,2.3580174473942455,29.52068363134886,2.9413173076583554,2.5489926443760953
2013-05-21T00:00:00+08:00,3007.961,14.139938996764007,45.153791652423685,29.721936930086787,44.67692636871791,42.27237183226182,1.7405624336480465,2.375258000701545,29.721936930086787,2.9758496337720097,2.5869900502549936
2013-05-20T00:00:00+08:00,2987.065,14.06494324870431,44.66459131785205,29.40565636188064,44.001228419075524,41.75072117372891,1.731457947708653,2.3479385306376264,29.40565636188064,2.9298912325412023,2.539008321432827
2013-05-17T00:00:00+08:00,2956.846,13.93890619034378,44.031768251931986,29.029247191711473,43.25952139275589,40.79876039491038,1.7153745000612504,2.3138275982308216,29.029247191711473,2.8654532206346754,2.4952951389614353
2013-05-16T00:00:00+08:00,2913.578,13.726260983813436,43.31239360044037,28.587145797994566,42.65313840437018,40.05688829131275,1.691132573806069,2.281891766284805,28.587145797994566,2.824002733327021,2.4560870332663582
2013-05-15T00:00:00+08:00,2873.598,13.568851581352517,42.787314913466076,28.27284108253343,42.06071883968798,40.20007998311612,1.671454809572712,2.261759389457873,28.27284108253343,2.803986318016831,2.4484136850006406
2013-05-14T00:00:00+08:00,2847.503,13.480377351966043,42.23649448135723,27.97841154607713,41.4562865986585,39.252285291582844,1.6605034285721478,2.2367231879200333,27.97841154607713,2.765137321702407,2.415270937207276
2013-05-13T00:00:00+08:00,2885.667,13.643421565881567,42.94829829056419,28.34223476543405,41.934700258864545,39.999747037329996,1.680519115625842,2.261882061041564,28.34223476543405,2.7988047945659877,2.4539083866996214
2013-05-10T00:00:00+08:00,2885.84,13.657678250719378,42.91667858081288,28.244452565270855,41.766364555727776,39.29934757011148,1.6823150672855915,2.2532895568258007,28.244452565270855,2.777149404307964,2.4258409124579123
2013-05-09T00:00:00+08:00,2869.45,13.587002756038828,42.652518702742746,28.017098883559463,41.54583879051759,39.114225945610904,1.6734774492328344,2.2330569335009307,28.017098883559463,2.7556181552483636,2.41105995806991
2013-05-08T00:00:00+08:00,2876.902,13.629463802500982,42.640991865740716,28.05866365571951,41.345526019663446,38.7504876697732,1.679217308467713,2.234491861502944,28.05866365571951,2.742723709432594,2.4002438772063215
2013-05-07T00:00:00+08:00,2856.476,13.542532000152777,42.69845073685607,27.83361627959211,40.787183244956374,38.43386357367816,1.6677958522551475,2.216432294235799,27.83361627959211,2.7066412858731517,2.377469943825108
2013-05-06T00:00:00+08:00,2850.845,13.522902745224076,42.71284785218015,27.780954341579914,40.843143049090436,38.618475484188956,1.6653537621577004,2.2118878349963795,27.780954341579914,2.7010221532100087,2.3689642603785837
2013-05-03T00:00:00+08:00,2807.879,13.351620861262917,42.01924400534299,27.31915515055734,39.953151683970226,37.77932273954007,1.6439767855791492,2.175959226681004,27.31915515055734,2.6526621570503046,2.3280875231137457
2013-05-02T00:00:00+08:00,2756.808,13.122863686999723,40.54925601248038,26.857853279264273,39.28557804409291,36.85853141607265,1.6176725106733232,2.1349646309487587,26.857853279264273,2.602259498125063,2.283761739862234
2013-04-26T00:00:00+08:00,2747.908,13.251513239624428,39.02924405030605,26.58325364478804,39.16662856882768,36.64321946716278,1.6428361076599576,2.1330374142939723,26.58325364478804,2.5935184437197925,2.2845708777813973
2013-04-25T00:00:00+08:00,2783.017,13.478832345785774,39.97466956112632,27.163014539011392,40.871068121934506,37.68508209232643,1.680879577233567,2.173266272210341,27.163014539011392,2.64330756036725,2.321447140325093
2013-04-24T00:00:00+08:00,2820.861,13.669004048030597,40.74431010500318,27.73074604611901,42.19088249743251,38.1218267774195,1.703327995815161,2.2108773334343645,27.73074604611901,2.6921951318431976,2.357541207407599
2013-04-23T00:00:00+08:00,2766.063,13.454416084663618,39.76050347515666,27.172110054956914,40.398837419320216,36.90697042276217,1.6776935812987976,2.174476651875889,27.172110054956914,2.6426121837181973,2.3212577945415536
2013-04-22T00:00:00+08:00,2851.752,13.825662616237041,40.77613695834891,27.962972874820068,41.43854528343901,37.98101591236253,1.7265937864397545,2.244426359928485,27.962972874820068,2.734846796080079,2.399695789211648
2013-04-19T00:00:00+08:00,2845.669,13.808603885271394,40.22160196524909,27.80313060846134,40.7421707938012,37.487676470605166,1.7270901836837391,2.2399280987716157,27.80313060846134,2.707634640194775,2.396368639706891
2013-04-18T00:00:00+08:00,2777.628,13.509392428744121,38.772539808080246,27.167027415057582,39.69858537905143,36.61164666749788,1.6909537329036135,2.1975837877880298,27.167027415057582,2.661151917868607,2.3510372041071923
2013-04-17T00:00:00+08:00,2770.138,13.500402145164164,38.64291341153596,27.056892449758816,39.49542431599143,36.68156026986529,1.6888828231025301,2.1944450361209342,27.056892449758816,2.655663978530585,2.3445575267878485
2013-04-16T00:00:00+08:00,2759.704,13.474356465959346,38.344150313103896,26.897330491560503,39.17142100265932,36.07851913838262,1.6862129556334726,2.184126611736073,26.897330491560503,2.6324400097857414,2.326635982775361
2013-04-15T00:00:00+08:00,2733.445,13.394273556716263,38.06253023859104,26.633985189110746,38.68564368746244,35.66356061017802,1.6754122141515426,2.164513890116011,26.633985189110746,2.619996848953797,2.306428064463507
2013-04-12T00:00:00+08:00,2765.445,13.546509308239932,38.50965218278267,26.99238280029181,39.28091770272432,36.037561044462294,1.6951881993493043,2.197502784822509,26.99238280029181,2.661637706348888,2.341663037470323
2013-04-11T00:00:00+08:00,2785.076,13.63919240188395,38.83205980547863,27.175144291765637,39.423091015866014,36.35703338365368,1.704956128773293,2.2183110643525517,27.175144291765637,2.681361323219378,2.371950782299394
2013-04-10T00:00:00+08:00,2794.062,13.67788498162969,38.87002947106609,27.270617152602682,39.42589921293245,36.65557883534947,1.7091311133088574,2.2256416397122374,27.270617152602682,2.6971958384683137,2.387129016059239
2013-04-09T00:00:00+08:00,2800.914,13.709400394950533,39.38330608672498,27.263762150708914,39.38602101167049,36.80893142840169,1.7120026824187955,2.234552192200473,27.263762150708914,2.709756581746778,2.386551499518651
2013-04-08T00:00:00+08:00,2778.865,13.621263323983571,38.9727636077589,26.96578493465069,38.93682610741726,36.56943780742493,1.7011594901411515,2.2128375785315897,26.96578493465069,2.6849655629011426,2.3606022975112975
2013-04-03T00:00:00+08:00,2780.518,13.664601485522661,39.13700031092201,27.041250529745074,38.60442835324956,36.20118962363236,1.706101412103092,2.2173002627180685,27.041250529745074,2.674583566788643,2.3635394573350985
2013-04-02T00:00:00+08:00,2793.552,13.712837343322395,39.594676527834174,27.332682610085065,39.04507632345787,36.677482071004746,1.7110777230944414,2.2403749983028485,27.332682610085065,2.700246362607993,2.386634493040022
2013-04-01T00:00:00+08:00,2814.734,13.799003025057424,40.309777822893004,27.594510600825522,39.55866914724198,37.55342870586523,1.7201527469640752,2.2610304860652795,27.594510600825522,2.753552711120372,2.4125381324872226
2013-03-29T00:00:00+08:00,2807.682,13.766801333122512,39.86838443242945,27.395835163048854,39.17427075765519,37.429770643104845,1.7208941533138156,2.251769940560127,27.395835163048854,2.733275628759318,2.403639025446654
2013-03-28T00:00:00+08:00,2810.363,13.727832801341936,40.052437714847315,27.176856927355683,39.02015605358624,37.28914322121686,1.7240059293008112,2.256112796132852,27.176856927355683,2.7399381963183616,2.4155376596480584
2013-03-27T00:00:00+08:00,2899.804,14.127643377299227,41.23436032750748,27.981423737535515,40.156981317883584,38.368752346397734,1.782274828316272,2.330153285993871,27.981423737535515,2.8182389092546396,2.495437906179036
2013-03-26T00:00:00+08:00,2890.979,14.204910653427218,41.16522024713626,27.942418797405843,39.997211513602004,38.3560429016744,1.7885046450926363,2.326731913073806,27.942418797405843,2.8199879487078077,2.482428641952509
2013-03-25T00:00:00+08:00,2923.437,14.379529927199163,41.24147007201015,28.122704014363645,39.78942737281573,38.354491743623065,1.8164753545448933,2.349376008238786,28.122704014363645,2.837481071703727,2.517566343639405
2013-03-22T00:00:00+08:00,2927.392,14.473269448896737,41.24887026727242,28.104736958466994,39.70351286982655,38.460020655428316,1.822680197589724,2.3509797374135246,28.104736958466994,2.844565344793451,2.5288381825091317
2013-03-21T00:00:00+08:00,2921.356,14.437791726826589,40.93214675437858,28.013141657979872,39.71094302319178,38.268393775462414,1.819600921839272,2.3447265953164247,28.013141657979872,2.8363406951005383,2.524341815514706
2013-03-20T00:00:00+08:00,2904.717,14.372244467537481,40.67495647337964,27.78598129854206,38.97378376398661,37.84693686775683,1.8121139513539792,2.3266078898905573,27.78598129854206,2.8016130522602833,2.4911713474141632
2013-03-19T00:00:00+08:00,2819.673,14.007645193009887,39.38668335245356,27.033376690838647,37.98269783928168,36.92931758482337,1.7650522853479327,2.2708390430884324,27.033376690838647,2.7334460074258975,2.4272200878868375
2013-03-18T00:00:00+08:00,2802.649,13.923568434280332,39.319946918689524,26.9278446417346,37.979773303646496,36.83039792745547,1.754345382736337,2.2611510335802105,26.9278446417346,2.7296092228675177,2.418754912063551
2013-03-15T00:00:00+08:00,2840.833,14.15636220018454,40.051918074277076,27.256752939781062,38.428145845964245,37.21907684160259,1.7853929086202034,2.296518644074172,27.256752939781062,2.760788261635968,2.457635897593393
2013-03-14T00:00:00+08:00,2835.131,14.098239192319449,39.92761896604101,27.184936820273975,38.12256952378158,36.92993986747728,1.7790084294927406,2.2949167180287344,27.184936820273975,2.762085528054872,2.446970875700529
2013-03-13T00:00:00+08:00,2826.395,14.059737226212325,39.8215763688412,27.106954942171797,38.119155131483666,36.90408777045246,1.7734090981139856,2.291540769820787,27.106954942171797,2.7599046546553327,2.442577325649046
2013-03-12T00:00:00+08:00,2854.855,14.19230939416642,40.328779104411126,27.390474296576237,38.52918505024523,36.99533224473072,1.7898833602481912,2.314046889508784,27.390474296576237,2.7821555905307007,2.4703947760370766
2013-03-11T00:00:00+08:00,2909.617,14.384086445601296,41.51174435631052,28.084265755603155,39.62305060551566,38.470108615163696,1.8143674364686961,2.376362564828644,28.084265755603155,2.8653154648832393,2.528538384333721
2013-03-08T00:00:00+08:00,2918.76,14.41815942220909,41.38763956113125,28.029040885231925,39.5204548943121,38.35202472772994,1.8192948346957185,2.3765029035496057,28.029040885231925,2.8635987679988544,2.536609756081411
2013-03-07T00:00:00+08:00,2938.906,14.482048280165449,41.798889621960164,28.27428505916671,39.924226820176955,38.68282381453843,1.8271393580440858,2.392365471621368,28.27428505916671,2.889954829871487,2.551118727684079
2013-03-06T00:00:00+08:00,2972.799,14.634702833073414,42.19513170626839,28.51857999689803,40.44275704446432,39.20054513873163,1.8467766524916867,2.4124333686569024,28.51857999689803,2.925064193784229,2.582243496082415
2013-03-05T00:00:00+08:00,2934.543,14.490390467228243,41.566889394162345,28.052640647825307,39.79323727697839,38.59034865032657,1.8281991718275952,2.3726449649155716,28.052640647825307,2.877489946476502,2.5368821065388496
2013-03-04T00:00:00+08:00,2857.575,14.16263513462995,40.70719403259729,27.470502613123635,38.759382397845336,37.71012579238935,1.7865981507887134,2.3256795418654574,27.470502613123635,2.810775941972477,2.485307147016205
2013-03-01T00:00:00+08:00,2978.115,14.687932426744696,42.47331385664709,28.564738216221315,40.039308361950745,39.18071565615941,1.8533784204391728,2.4125325813037968,28.564738216221315,2.9108163506290974,2.574498802846406
2013-02-28T00:00:00+08:00,2965.166,14.67625313553402,42.08325997908,28.301777724761582,39.45349098816829,38.423278302819966,1.8520630774507534,2.3885651314192975,28.301777724761582,2.8561302249699714,2.5516828525612434
2013-02-27T00:00:00+08:00,2890.581,14.370976030908452,41.291748543818095,27.67676638858445,38.48435443049973,37.695706777937815,1.812960672486392,2.341968533830973,27.67676638858445,2.806129934719983,2.498812081914643
2013-02-26T00:00:00+08:00,2872.45,14.271511932094226,41.27673016093306,27.614886441991793,38.573631795756455,37.736162074631146,1.8004201555610622,2.339120018767899,27.614886441991793,2.8161349137471894,2.4930982972728475
2013-02-25T00:00:00+08:00,2913.187,14.47275442341066,42.03676178431787,28.01222433872407,39.101974554574504,38.22332403005709,1.8251577665680916,2.3729464787320746,28.01222433872407,2.8496112675458796,2.5196063926424688
2013-02-22T00:00:00+08:00,2894.49,14.390202739582907,41.609345936009355,27.750892997560353,38.62092201175477,37.636729267754234,1.8149057862670024,2.351751247530265,27.750892997560353,2.813839442679781,2.491343610198561
2013-02-21T00:00:00+08:00,2906.314,14.463277238498497,41.8775970503851,27.82479954626788,38.65418061723566,37.83351557756944,1.8238049773535037,2.3585837177848976,27.82479954626788,2.815682986997973,2.503610788460676
2013-02-20T00:00:00+08:00,2989.724,14.8688181834059,42.75468531987976,28.427187396706206,39.236946714787315,38.55740470122959,1.8749116465549895,2.4109237833681902,28.427187396706206,2.8736620915619775,2.5603289981065913
2013-02-19T00:00:00+08:00,2954.183,14.740087589681487,41.91265339110869,27.935493552429158,38.544960686523574,37.63415178601015,1.8589877450914676,2.3712701773452713,27.935493552429158,2.8165489641853445,2.5234642899989708
2013-02-18T00:00:00+08:00,3008.435,14.982902346808574,42.913773194460425,28.491418493587375,39.12982548023533,38.40593085377469,1.8894368204520862,2.4109536085844305,28.491418493587375,2.868944164739114,2.565900303731014
2013-02-08T00:00:00+08:00,3021.59,15.023325094850222,42.794311115595846,28.37974437347436,38.863461903216255,38.02970593391116,1.8945355273513664,2.3956118714435366,28.37974437347436,2.8460517845876727,2.540953027247901
2013-02-07T00:00:00+08:00,2996.611,14.888943199330837,42.076753815322036,28.019521547030934,38.26217957969028,37.24966880551824,1.879354774258454,2.357182590064772,28.019521547030934,2.7976173818360994,2.49263024746908
2013-02-06T00:00:00+08:00,3002.051,14.961148550511492,42.048129184233765,27.93652708150413,38.05478201225381,36.85839653407651,1.8878806238912527,2.352283766981021,27.93652708150413,2.7910321423931346,2.489531385529955
2013-02-05T00:00:00+08:00,2992.205,14.933914677549064,41.89942889145899,27.819030280605222,37.874537656106234,36.571872609197335,1.8845858173971854,2.3441292231229864,27.819030280605222,2.7779829262436304,2.478752940103738
2013-02-04T00:00:00+08:00,2965.343,14.891335131669068,41.57029883617868,27.519486448861684,37.49661135405871,36.41033777040674,1.8788802375374394,2.323632950432101,27.519486448861684,2.7500251716214277,2.4595787414503523
2013-02-01T00:00:00+08:00,2971.19,14.885698435023194,41.82726288435078,27.672935599547852,37.87374420890305,36.804065739235895,1.878035499272533,2.3340860977453475,27.672935599547852,2.76823621206213,2.4883890104130177
2013-01-31T00:00:00+08:00,2926.959,14.689454603592766,41.47672154858876,27.440013563182426,37.85429621244807,36.70505570103417,1.8535359021307525,2.3181603500951473,27.440013563182426,2.7612914995281037,2.4722462013884137
2013-01-30T00:00:00+08:00,2935.023,14.691117472543292,41.70787431940701,27.594737898612145,37.96390768319989,36.78192099089097,1.8536042357074651,2.3308517090849357,27.594737898612145,2.7652263758319933,2.486073554430985
2013-01-29T00:00:00+08:00,2923.651,14.559095433446227,41.65296457569921,27.531176702910304,38.07710087511251,36.84758640221911,1.8377429877480205,2.326664122301243,27.531176702910304,2.770874892520289,2.4882255747643716
2013-01-28T00:00:00+08:00,2896.96,14.476247661249772,41.30476659597339,27.310603960140444,37.47175773608314,36.40083063316601,1.8272926575459287,2.3063904554754497,27.310603960140444,2.7452130532422068,2.461684852975358
2013-01-25T00:00:00+08:00,2815.89,14.12954172946951,40.12707783911576,26.610529667042535,36.42324821810067,35.45739771380519,1.784546635718084,2.2500486406052143,26.610529667042535,2.6874671362526823,2.4090359369466112
2013-01-24T00:00:00+08:00,2824.576,14.195438704561866,40.17528652344616,26.642894273455354,36.39918562567903,35.324595738394045,1.792948881855753,2.254718944672171,26.642894273455354,2.6937530236311495,2.4120812618077476
2013-01-23T00:00:00+08:00,2866.981,14.334806935096582,41.26466749772619,27.285559580634217,37.41640076548651,36.03909192990864,1.8109968655737088,2.308538396840729,27.285559580634217,2.7664212709431464,2.4675301661396096
2013-01-22T00:00:00+08:00,2857.385,14.301266448466212,41.239807168195135,27.286025556162564,37.32833186965489,36.18107837684488,1.8067595070645261,2.30631696045325,27.286025556162564,2.765866428469318,2.4556440616189588
2013-01-21T00:00:00+08:00,2886.805,14.403673790606309,42.01305886005899,27.751544957713005,38.05804320930107,36.88781416628713,1.8196959456278863,2.34880890764374,27.751544957713005,2.813823941755117,2.517646465167713
2013-01-18T00:00:00+08:00,2867.296,14.335062727814549,41.612084061368016,27.482595288891318,37.65462714721027,36.74373698350514,1.8111524392641651,2.329300457358199,27.482595288891318,2.7839804063496105,2.4959054835184196
2013-01-17T00:00:00+08:00,2820.924,14.134738367943337,40.88396708375016,27.047316379083686,37.158337736698805,36.248272306985314,1.785842612587521,2.2950319787034896,27.047316379083686,2.750821788270064,2.4552573728295206
2013-01-16T00:00:00+08:00,2849.664,14.282596017984625,41.3599136553205,27.31148596437682,37.534120725772574,36.4475034905684,1.8046387658265557,2.3206159062352234,27.31148596437682,2.778599349161094,2.4842543911103503
2013-01-15T00:00:00+08:00,2862.974,14.374044598829428,41.7205290706587,27.452575901444867,37.70618758325507,36.698763245512836,1.8162891218350723,2.327953982353087,27.452575901444867,2.78763528225818,2.4961425518268716
2013-01-14T00:00:00+08:00,2829.592,14.262438274336658,41.05261286108666,27.025331806894112,36.94532955405553,36.02295725262276,1.8021866643347997,2.28798539203511,27.025331806894112,2.736985083688868,2.4499703532227843
2013-01-11T00:00:00+08:00,2729.87,13.820910870257748,39.511504316275314,26.1084493676196,35.652867457641086,34.6483871437873,1.746398108729379,2.2121494385178377,26.1084493676196,2.6410287396336023,2.3579057318858516
2013-01-10T00:00:00+08:00,2786.285,14.055410317086732,40.325560212074016,26.66764970804038,36.08596023647648,35.15589343310127,1.7760292520235819,2.2613155460694685,26.66764970804038,2.686054372192073,2.4112035327753634
2013-01-09T00:00:00+08:00,2775.959,13.993481301728547,40.15654720794632,26.53523087871557,36.038171124611324,34.959856852619296,1.7689812369551996,2.247817630688159,26.53523087871557,2.6682286883749216,2.384488672923644
2013-01-08T00:00:00+08:00,2773.172,13.993143120559665,40.21310256409693,26.532927143345717,36.01847770548864,35.137825029829656,1.7692764714028364,2.248288516038585,26.532927143345717,2.6754876064674438,2.389129537731707
2013-01-07T00:00:00+08:00,2766.23,14.007936571269104,39.8421238888688,26.273680656414083,35.655282257808224,34.641621496922426,1.772085904098517,2.2274565532720887,26.273680656414083,2.6455049944038866,2.361338965769278
2013-01-04T00:00:00+08:00,2745.756,13.923317671813349,39.391249950081196,25.988251190943224,35.12564908851637,34.23517443691049,1.764117437356717,2.201319814273691,25.988251190943224,2.611282962699569,2.326937712797697
2012-12-31T00:00:00+08:00,2749.849,13.830074729635312,39.90712266351153,26.03827084150723,35.38090565485459,34.67762860593706,1.7547123223370389,2.1969852722834013,26.03827084150723,2.5988500877264165,2.3175170240890566
2012-12-28T00:00:00+08:00,2710.566,13.625369172170123,39.4483817575301,25.78120774622729,35.10887844887555,34.465478377086086,1.7293843275774101,2.1801314453747493,25.78120774622729,2.5804074729401596,2.304822635669308
2012-12-27T00:00:00+08:00,2675.285,13.465533719271304,38.93836935237707,25.458701872297418,34.70205261792911,33.92852626553127,1.7095925230069253,2.157772532346933,25.458701872297418,2.559900973339601,2.2767734916489193
2012-12-26T00:00:00+08:00,2693.837,13.552024689459614,39.55712182631318,25.71325980164085,35.119524661499376,34.35681993484953,1.721071436542373,2.1824888748550553,25.71325980164085,2.584617491472702,2.310244260231077
2012-12-25T00:00:00+08:00,2672.229,13.477136034864039,38.824877149379496,25.293952624804497,34.498293960673976,33.75399251716804,1.7119818983457114,2.148371683129563,25.293952624804497,2.535554529927257,2.270584901813889
2012-12-24T00:00:00+08:00,2604.324,13.137681381434819,37.71765067473714,24.649370507967966,33.715885452096565,32.94183204157271,1.67002683955259,2.099263179246683,24.649370507967966,2.4825633732510886,2.2255075926560193
2012-12-21T00:00:00+08:00,2591.209,13.088505049301842,37.455913317717545,24.47757271688873,33.39851262020261,32.65588286943147,1.66391991513903,2.086198871706235,24.47757271688873,2.463533703162283,2.1982439387378
2012-12-20T00:00:00+08:00,2600.039,13.158470673527637,37.2852177957781,24.4405773854847,33.43545299532272,32.59949433471984,1.673223056422569,2.0851452923391944,24.4405773854847,2.459111069712402,2.1957094885188946
2012-12-19T00:00:00+08:00,2587.893,13.119538574277039,37.09805548677748,24.35536688911588,33.33589027154164,32.212565536496484,1.6682724745715178,2.0788809011625786,24.35536688911588,2.452906784754643,2.185521497055794
2012-12-18T00:00:00+08:00,2581.446,13.100075478991347,36.85715533651947,24.247674021911077,33.128798677906794,32.08946795797038,1.6657915868133129,2.070745729821248,24.247674021911077,2.437367687442119,2.167914574385469
2012-12-17T00:00:00+08:00,2583.261,13.09581343618555,36.99959107120284,24.326836018832445,33.20547651582933,32.27355835895096,1.6655271588245442,2.0772886875963046,24.326836018832445,2.4467863002828762,2.1803793794924284
2012-12-14T00:00:00+08:00,2569.54,13.04067601118985,36.728900475377486,24.163190744183648,33.08088303146744,32.24406906103448,1.6586306747494033,2.0619509862620977,24.163190744183648,2.434814905022776,2.164496657139013
2012-12-13T00:00:00+08:00,2455.781,12.503929207011184,35.122058751220266,23.17172585746785,31.77215403760536,31.016657656339667,1.5906893388710976,1.9798496652535749,23.17172585746785,2.324016474895824,2.0849482727435844
2012-12-12T00:00:00+08:00,2485.389,12.636311300946923,35.6292501074027,23.467839001826757,32.14305731252759,31.44912554334992,1.6077684170542053,2.006364754417156,23.467839001826757,2.368770326547814,2.110901018548468
2012-12-11T00:00:00+08:00,2479.558,12.599890267819303,35.6356026856815,23.462877246413004,32.18582774363765,31.29604546587298,1.6031344233685096,2.006658879990408,23.462877246413004,2.3663660986266395,2.1176361796755194
2012-12-10T00:00:00+08:00,2494.751,12.658189696611156,35.90142556733635,23.63875499716111,32.48856790636009,31.7183229506054,1.6104942104223738,2.0222831771476413,23.63875499716111,2.3812575194903864,2.126508126558527
2012-12-07T00:00:00+08:00,2461.651,12.51083858384726,35.30230271858948,23.256834694644603,31.8194093240231,31.236843700590168,1.5918166162118728,1.9864735327902132,23.256834694644603,2.337803136501653,2.0829279520280464
2012-12-06T00:00:00+08:00,2411.408,12.308404416007413,34.47276955968342,22.73808951331613,30.99490761064695,30.455634578181247,1.5662346789071253,1.940107729850948,22.73808951331613,2.2787962826295636,2.0334061767475022
2012-12-05T00:00:00+08:00,2414.62,12.319936977815903,34.488355677879966,22.753528416290496,30.964852171500137,30.37077109170933,1.5678768721173768,1.9430898047787124,22.753528416290496,2.2850915220151027,2.0360215257175205
2012-12-04T00:00:00+08:00,2330.013,11.952509353784489,33.179080968285945,21.932249739777543,29.818905767766132,29.152178239162748,1.5214945784349592,1.8744461051075425,21.932249739777543,2.20499829085982,1.9624897289972278
2012-12-03T00:00:00+08:00,2303.787,11.849969713125494,32.75126400831225,21.657085127829628,29.43630740403903,28.77851086123896,1.5084417957329626,1.8508170650438487,21.657085127829628,2.1687685477947274,1.9377022593759454
2012-11-30T00:00:00+08:00,2346.825,12.002122651869373,33.55698872082167,22.194136337854786,30.278480294239642,29.69156965108466,1.5279722986488466,1.9000512665200382,22.194136337854786,2.220688436827783,1.9974656563837851
2012-11-29T00:00:00+08:00,2318.065,11.891704308953019,33.110103353108094,21.87780073666687,29.962108023029284,29.17498908291991,1.5140395028526765,1.8762263467195814,21.87780073666687,2.197968232052723,1.9689300721955703
2012-11-28T00:00:00+08:00,2336.528,11.963521834067816,33.53742278037367,22.110397314288175,30.275404581679826,29.377805733866058,1.5231832359303652,1.8962327006051394,22.110397314288175,2.230599639368867,1.997079071321676
2012-11-27T00:00:00+08:00,2372.311,12.090897617577651,34.24372355721339,22.582138848769382,30.93720208020827,30.162498741154735,1.5395568933482582,1.9409165558113577,22.582138848769382,2.294416851562823,2.0437228063894635
2012-11-26T00:00:00+08:00,2425.893,12.290402338261547,35.5406677304894,23.416975808599492,32.34948633708501,31.378026378765263,1.5649655532460347,2.0194998597984335,23.416975808599492,2.4042872888069926,2.1401473414191705
2012-11-23T00:00:00+08:00,2449.262,12.37663301701968,35.98786461244703,23.695506801806385,32.75857904733898,31.691379492197434,1.5759653765108383,2.0434669535605603,23.695506801806385,2.4386784358336717,2.167344169875084
2012-11-22T00:00:00+08:00,2436.536,12.316362143444529,35.851450986106805,23.623460808593276,32.73798593090235,31.64858565919261,1.5682908490512637,2.0381317488213893,23.623460808593276,2.434927543411203,2.151763888976224
2012-11-21T00:00:00+08:00,2460.378,12.4173598397239,36.280228390807736,23.888500408096224,33.1491061927051,31.977112589540564,1.5811418240478592,2.0595243963960455,23.888500408096224,2.4556343973057198,2.1819429747430443
2012-11-20T00:00:00+08:00,2430.181,12.28992404399348,35.82962116925758,23.593540681380997,32.73163016536849,31.527533930746355,1.565193675568803,2.0352505722953613,23.593540681380997,2.4370946852058295,2.156768931764419
2012-11-19T00:00:00+08:00,2439.704,12.336394683150825,35.971007535616785,23.658653268548488,32.79721397470405,31.6360779763086,1.5711119831416283,2.0401553219854502,23.658653268548488,2.4452613384478927,2.1692051182947623
2012-11-16T00:00:00+08:00,2437.33,12.320735560307133,35.73416553850864,23.566765279692746,32.58471619987967,31.673969374591078,1.5693519094504693,2.0261635815846097,23.566765279692746,2.4321685756274616,2.154834939617611
2012-11-15T00:00:00+08:00,2454.236,12.411101234350175,35.90830582275007,23.69285801361346,32.77636615431092,31.88958566671613,1.5809950851580399,2.038823631382502,23.69285801361346,2.4426435774176234,2.162303491473724
2012-11-14T00:00:00+08:00,2491.714,12.573403347454677,36.53994754039456,24.12447373646016,33.484134534276315,32.423672366562386,1.6028062357765367,2.077589383356575,24.12447373646016,2.494174987084045,2.2018374781710923
2012-11-13T00:00:00+08:00,2482.908,12.537698154992274,36.5095407485171,24.092789154285736,33.46351389715031,32.32199327281741,1.5982546833020226,2.0726201455954443,24.092789154285736,2.486985253264351,2.194383789244342
2012-11-12T00:00:00+08:00,2529.768,12.732307193185143,37.278339280266316,24.60283244775755,34.02976103751791,32.91042247655018,1.6231807050900473,2.116496365083479,24.60283244775755,2.5376200800018163,2.2510223551992588
2012-11-09T00:00:00+08:00,2515.233,12.673261913216818,36.98098240451089,24.409609785670632,33.85870622193828,32.662074930995416,1.6156264904657112,2.097025027630898,24.409609785670632,2.515534547295707,2.2330797706443604
2012-11-08T00:00:00+08:00,2521.681,12.693882944252959,36.98800162480565,24.451750097260238,33.913130356092786,32.84779616451337,1.6183785695758197,2.1008956484228603,24.451750097260238,2.515509751721101,2.232371972016631
2012-11-07T00:00:00+08:00,2575.57,12.914054014203952,37.796467565472746,25.04766350784297,34.76857486921305,33.68240696890873,1.6466999520280023,2.159128558149719,25.04766350784297,2.5886472904589746,2.293817182744639
2012-11-06T00:00:00+08:00,2579.625,12.917669323815112,37.86452256630981,25.08462963519014,34.76058121147583,33.80907065938938,1.648024971153391,2.160841121765577,25.08462963519014,2.5962398212604554,2.299175023005402
2012-11-05T00:00:00+08:00,2593.897,12.968999497217565,38.10761388479978,25.26104800137622,35.099015191503305,33.96189711909125,1.654676661372393,2.177558454712855,25.26104800137622,2.6096835205584226,2.324287091565159
2012-11-02T00:00:00+08:00,2601.467,13.000532628820617,38.28194889276633,25.33455144777639,35.12874517898392,34.11510868504203,1.6586812711447851,2.1829841379461064,25.33455144777639,2.6178085610723323,2.322496321323945
2012-11-01T00:00:00+08:00,2589.821,12.928112429531009,38.06709306333825,25.193518821894834,35.08220485763097,33.97164680071188,1.6497321146668589,2.172107870006686,25.193518821894834,2.614084596763353,2.314567753430961
2012-10-31T00:00:00+08:00,2542.544,12.704299596789175,37.28130520919051,24.70649329292643,34.4621062230499,33.54998381300833,1.622378970058137,2.1340585756290174,24.70649329292643,2.56877759591434,2.2719161700509276
2012-10-30T00:00:00+08:00,2529.281,12.64633906784027,36.44049372378785,24.47870467090573,34.24002983485069,33.213634042464975,1.639205278919926,2.131553548398167,24.47870467090573,2.558083681456451,2.2675379737887127
2012-10-29T00:00:00+08:00,2525.492,12.571807964171377,35.86768664473636,24.383918382477557,34.300664543693166,33.17567806886493,1.6414005198567014,2.133052222158779,24.383918382477557,2.563879466074836,2.2722187508710814
2012-10-26T00:00:00+08:00,2535.047,12.58943409259091,35.21797276722036,24.2300710128041,33.72009660927079,32.827118610568796,1.6628457541243367,2.143160398431986,24.2300710128041,2.56897485565936,2.2779775526114014
2012-10-25T00:00:00+08:00,2585.733,12.831948840043827,35.5517948820424,24.712232963905432,34.51766639624278,33.34938313110271,1.6993614160735595,2.201410719054519,24.712232963905432,2.6333824911061345,2.3499984843473207
2012-10-24T00:00:00+08:00,2607.514,12.883862499264154,35.63316164741019,24.88001648664025,34.78575289168079,33.66783149383389,1.7124978665399988,2.2247019625145077,24.88001648664025,2.6806556110011166,2.372662874571506
2012-10-23T00:00:00+08:00,2612.122,12.89813630277863,35.73533647396499,24.861959825699156,35.03397198606643,33.87805039727456,1.7146493116744477,2.2248175469436866,24.861959825699156,2.6866524816438275,2.385765658819334
2012-10-22T00:00:00+08:00,2643.565,13.021408169696064,36.113382417808154,25.037478099741733,35.25384465437238,34.38317405313951,1.7322261086336312,2.2473535669263933,25.037478099741733,2.7278101616037187,2.413462106915743
2012-10-19T00:00:00+08:00,2632.659,12.977660190808049,35.804705782743056,24.85979548423379,34.861592351546484,34.04662110831262,1.7252157487417266,2.2371158428983704,24.85979548423379,2.702810446851891,2.4076892609061247
2012-10-18T00:00:00+08:00,2638.112,12.990949583661152,35.824445087311815,24.87738847601572,34.75957974367526,33.974730852516736,1.7276131032740434,2.240269832963724,24.87738847601572,2.704600916907892,2.4163481356733016
2012-10-17T00:00:00+08:00,2596.876,12.821721492301265,35.118974324944105,24.478423578448165,34.28209973159136,33.40321980546157,1.7053480304380746,2.2019577250808795,24.478423578448165,2.662170765697774,2.3765756629894303
2012-10-16T00:00:00+08:00,2592.094,12.790438179793709,35.0758161625463,24.42337057813321,34.3178958793322,33.21028848051647,1.7014327901382715,2.194906933272635,24.42337057813321,2.6566241937593116,2.3700024846348318
2012-10-15T00:00:00+08:00,2586.188,12.779461047166174,34.982714021074564,24.354820794124585,34.13091485123212,33.31931692002309,1.6999584750031413,2.190008533166822,24.354820794124585,2.6451909152285102,2.3579891513224016
2012-10-12T00:00:00+08:00,2599.425,12.825953206069562,35.29808760421989,24.57452049180549,34.07301882801465,33.678928850980185,1.7062521930948102,2.2135414105105142,24.57452049180549,2.6720371913352614,2.3913352433394683
2012-10-11T00:00:00+08:00,2600.438,12.814557833940402,35.358241603402575,24.589334926128814,34.31913334579485,33.70653902755366,1.7046803654176859,2.214483951884499,24.589334926128814,2.676321508937785,2.3866457668535235
2012-10-10T00:00:00+08:00,2631.23,12.93162599909451,35.963842970970255,24.974257169065833,34.91925525393637,34.43847814482489,1.7210205200178503,2.252686004446166,24.974257169065833,2.7349424043250767,2.4283870942976287
2012-10-09T00:00:00+08:00,2617.136,12.880625404987304,35.73946328055808,24.732937299651347,34.418912423330376,34.004019413596495,1.7142301411782814,2.2274072684948774,24.732937299651347,2.6997338467837286,2.3973086095350866
2012-10-08T00:00:00+08:00,2556.069,12.609976882401552,34.774573668310936,24.07679254379631,33.503126848336066,33.212344263716076,1.6782106281130014,2.1687942254699704,24.07679254379631,2.630719292824922,2.337048982306747
2012-09-28T00:00:00+08:00,2574.136,12.675115425780085,34.966561053603954,24.172468360997602,33.728925345762065,32.927840106125025,1.6870178381722396,2.1740907430190157,24.172468360997602,2.63164748952957,2.3428088382730325
2012-09-27T00:00:00+08:00,2528.33,12.47880129067468,34.3689224348681,23.754399341138324,33.211024305742484,32.591595430124755,1.6612173377540338,2.137876714805422,23.754399341138324,2.5891170501503464,2.305277376720984
2012-09-26T00:00:00+08:00,2461.833,12.161953278817418,33.55912719966672,23.19282450801506,32.373876137425285,31.75453592540041,1.619021583046181,2.0888737822475476,23.19282450801506,2.5270456939483714,2.257000444161
2012-09-25T00:00:00+08:00,2504.283,12.338983200370276,34.44108650734977,23.74852814587685,33.25176772779677,32.74108604582393,1.6424790984664273,2.1411400434378893,23.74852814587685,2.6089025338286347,2.310848273235633
2012-09-24T00:00:00+08:00,2515.738,12.377454392261999,34.69644236971782,23.92050142493328,33.43591012218676,33.09930154870302,1.6475850874741116,2.1578420965570846,23.92050142493328,2.6308304722655493,2.3288076463660503
2012-09-21T00:00:00+08:00,2497.758,12.326596984898698,34.47410569418304,23.787290320365575,33.29633156191092,32.88383678141927,1.640808758422953,2.145496899412509,23.787290320365575,2.6026638976373473,2.308825746798735
2012-09-20T00:00:00+08:00,2503.592,12.341338939634898,34.73675533865253,23.947691163670598,33.636236004993634,33.103779439089955,1.6430005663189637,2.16245860542922,23.947691163670598,2.634945774769584,2.329642988876553
2012-09-19T00:00:00+08:00,2570.365,12.623275065303037,35.898685060781716,24.730101799548333,34.538542734650804,34.25225549260099,1.680526068274273,2.236119709157753,24.730101799548333,2.7265412461232104,2.4148783919759467
2012-09-18T00:00:00+08:00,2553.313,12.564681004220937,35.63031760948549,24.533189380215696,34.21112525136657,33.91408698107462,1.6727248708177318,2.2166878156199696,24.533189380215696,2.701294793134764,2.382697935497426
2012-09-17T00:00:00+08:00,2572.489,12.669876942928559,35.77384078756858,24.640492552133157,34.226052495502145,33.91754109158592,1.6834573488896865,2.225752654589574,24.640492552133157,2.7044344448484323,2.394998631904867
2012-09-14T00:00:00+08:00,2642.745,12.966369589623916,36.946907968375086,25.421983224127306,35.25737630616445,35.02320695189694,1.7217626240994042,2.2973636839283795,25.421983224127306,2.785288411359098,2.4872300947224306
2012-09-13T00:00:00+08:00,2630.404,12.897720851562857,36.89380440368962,25.374821553222233,35.14437607076063,34.85515547926943,1.7126514728799407,2.2935564166239657,25.374821553222233,2.7867192325781307,2.4825383182288805
2012-09-12T00:00:00+08:00,2661.142,13.013636343587839,37.46345622530008,25.739136103267686,35.798673376459405,35.266069564741805,1.7285057591939996,2.328582019960697,25.739136103267686,2.83118656121356,2.524479391500626
2012-09-11T00:00:00+08:00,2647.719,12.973580954922692,37.27713255007357,25.58361499307185,35.628853667123074,35.137974875858596,1.7231935339636177,2.3130700311933605,25.58361499307185,2.8175631300948023,2.5099183286905635
2012-09-10T00:00:00+08:00,2661.057,13.051417694647748,37.54753735077868,25.714074976358106,35.93651389670181,35.27181682224642,1.7338903229201983,2.323527056734711,25.714074976358106,2.8258221368923824,2.519112678180871
2012-09-07T00:00:00+08:00,2644.542,12.995170364321249,37.186218873077884,25.465638508079728,35.4756413315991,34.985185955329044,1.7265169866729972,2.301047573382855,25.465638508079728,2.7928754227900368,2.4940068293208135
2012-09-06T00:00:00+08:00,2542.345,12.532205797004734,35.85531116184854,24.587761697769608,34.58048435889614,33.95041284960804,1.6650142215979609,2.221941731776461,24.587761697769608,2.704000579540808,2.415242243488956
2012-09-05T00:00:00+08:00,2518.498,12.438238977995335,35.41190564541496,24.311196932303563,34.17184701430158,33.755850747212726,1.6525278502364538,2.19555792719552,24.311196932303563,2.674239756766101,2.376529618638122
2012-09-04T00:00:00+08:00,2514.302,12.452040750416058,35.14687972801966,24.18055527557705,33.87280662095262,33.36630032396613,1.6544470481517046,2.180691349903583,24.18055527557705,2.657564490056595,2.352815490920269
2012-09-03T00:00:00+08:00,2539.721,12.561453847597978,35.49959437735127,24.3886723239537,33.99940487414827,33.64024851862638,1.6689961615561935,2.199860580261538,24.3886723239537,2.680607788119226,2.3653477951589386
2012-08-31T00:00:00+08:00,2504.764,12.449685103476666,34.865522025049465,24.019392511891272,33.351470015861956,32.94686845429251,1.655591020993721,2.1686655274075903,24.019392511891272,2.63388476981862,2.3341152711751167
2012-08-30T00:00:00+08:00,2504.941,12.462533437122854,34.35951952234834,23.936724554802538,33.38186207850444,32.77740229215838,1.6682818167681452,2.162418481570115,23.936724554802538,2.626052031150553,2.3314337382325316
2012-08-29T00:00:00+08:00,2525.708,12.550121489364797,34.68820037889772,24.299856951610437,34.01007365776204,33.56883576414609,1.6812555031888152,2.194769936828588,24.299856951610437,2.6701398727014594,2.368131708805161
2012-08-28T00:00:00+08:00,2546.603,12.648675361597482,34.45155372368404,24.393120541752005,34.1600682007878,33.25452545625167,1.69902482701222,2.205253790278348,24.393120541752005,2.6776949141034927,2.3819147898941275
2012-08-27T00:00:00+08:00,2533.084,12.527601699354943,33.81419686954211,24.170119524352277,33.77261487575097,32.94194263432783,1.6875975116499284,2.186943016464904,24.170119524352277,2.656769852613891,2.362133261359401
2012-08-24T00:00:00+08:00,2589.796,12.74348101193163,34.22153272693811,24.68218129558327,35.05075307959095,33.45503403125976,1.7329325927409682,2.2442602484098697,24.68218129558327,2.725622938101378,2.420925553519392
2012-08-23T00:00:00+08:00,2629.531,12.865517546617408,34.782334998502655,25.138927088308446,35.81322388836052,34.10813984166913,1.762800213421682,2.2922612667113187,25.138927088308446,2.7913189740985915,2.4800303343808685
2012-08-22T00:00:00+08:00,2617.647,12.803686795145687,34.328659475680375,24.78925283181135,35.08434782261173,33.8036260926868,1.760001188825654,2.2700201846407198,24.78925283181135,2.7678157406624218,2.4634964024723884
2012-08-21T00:00:00+08:00,2637.7,12.863598617457226,34.56880384913858,24.9411206445017,35.274040703952316,33.91017665785273,1.770894402075604,2.2863260360849624,24.9411206445017,2.7809243578195137,2.4760781471706137
2012-08-20T00:00:00+08:00,2612.8,12.762255322842844,33.89646480650164,24.557897015966915,34.28659625473296,33.27849935880202,1.7594310940046574,2.255113859694903,24.557897015966915,2.734512024630683,2.44249654106863
2012-08-17T00:00:00+08:00,2617.06,12.782746427152539,33.83468202071089,24.472302481466926,34.01819011428379,33.03298682846237,1.7661991269998536,2.2537595758760207,24.472302481466926,2.7184877873948023,2.4272593664910715
2012-08-16T00:00:00+08:00,2620.765,12.779639737665455,33.70626049647068,24.423157175903643,34.076956948100126,33.16245354711046,1.7665628080785154,2.251194956489742,24.423157175903643,2.7233281072759534,2.4235093720346788
2012-08-15T00:00:00+08:00,2636.574,12.842174930909536,33.9258394218875,24.56675526587067,34.43252694994993,33.48234389987424,1.7749872436245755,2.2658842987337446,24.56675526587067,2.750232179777937,2.4362025715930704
2012-08-14T00:00:00+08:00,2664.73,12.977645859052762,34.28337715313821,24.851390267824844,34.89775161871956,33.621379092078456,1.7953513679963273,2.291225336120411,24.851390267824844,2.7884351433027286,2.471117618274247
2012-08-13T00:00:00+08:00,2651.257,12.919282946784802,33.94226014015423,24.65359923076954,34.783137498375275,33.19239828639307,1.7889554650508306,2.27148437609368,24.65359923076954,2.756446732312522,2.4375220153219113
2012-08-10T00:00:00+08:00,2706.727,13.107056096108776,34.21176496249267,24.995861670432625,35.558460277080286,33.86786924394164,1.8203902211988616,2.324649812258175,24.995861670432625,2.8250595330155135,2.4959748979012533
2012-08-09T00:00:00+08:00,2716.334,13.159028915283029,34.25710956982133,25.0759832022464,35.85729172180607,33.762261498485344,1.8255535866332355,2.3267504850501246,25.0759832022464,2.830814521379029,2.503052321674062
2012-08-08T00:00:00+08:00,2686.008,13.051216632106073,33.78948271600757,24.746577728529896,35.15843114022522,33.113048897626435,1.8106617476634312,2.2976920089041974,24.746577728529896,2.7926131567982586,2.4696568503323677
2012-08-07T00:00:00+08:00,2689.0,13.043267696133405,33.79978121151046,24.753386275416442,35.25345646260725,33.3671622307593,1.8096129720559109,2.304671375930594,24.753386275416442,2.801005236101498,2.4808825814900204
2012-08-06T00:00:00+08:00,2675.802,13.009725250979276,33.46605101895473,24.523578602303957,34.822026744851655,33.04628322881858,1.8052789129980225,2.282153284875082,24.523578602303957,2.777177753428771,2.4581095157211434
2012-08-03T00:00:00+08:00,2628.529,12.84813022262064,32.870353115360054,23.995401329359957,33.99977021738267,32.336003424082236,1.782623564789067,2.2323310231785514,23.995401329359957,2.709936642370857,2.4018796130355176
2012-08-02T00:00:00+08:00,2593.601,12.698662650440383,32.251023019759955,23.56760552012644,33.14768406526272,31.720237056921906,1.761918120686119,2.1888338515778774,23.56760552012644,2.6493278654135537,2.3466988419689243
2012-08-01T00:00:00+08:00,2615.484,12.776572340338173,32.521249167531245,23.794225901109527,33.2440950334177,31.819016581418197,1.7720848780944225,2.206143809705741,23.794225901109527,2.66269286342849,2.371912635870072
2012-07-31T00:00:00+08:00,2580.403,12.641690904106065,31.855204480324954,23.476148269213695,32.65441043695904,31.24721925409091,1.7534297662847536,2.1732419579191875,23.476148269213695,2.6234017878291414,2.3315758188968276
2012-07-30T00:00:00+08:00,2600.721,12.685982765553295,32.244423487426545,23.879982807534347,33.32765273402396,31.72406682010408,1.7629336273146197,2.2158270009635004,23.879982807534347,2.6542820714986686,2.38762109119854
2012-07-27T00:00:00+08:00,2632.714,12.816633284533719,32.628863469317515,24.328071933581494,34.126779923972585,32.43995814754761,1.7813467333499977,2.266826633811268,24.328071933581494,2.7265689051671074,2.446020943985242
2012-07-26T00:00:00+08:00,2638.343,12.816278663302834,32.68334396627102,24.385132460699193,34.16480842540837,32.73703322599083,1.7805121217329876,2.2726121189029733,24.385132460699193,2.73916467075062,2.448362564126641
2012-07-25T00:00:00+08:00,2656.744,12.879965526775694,32.9240649927768,24.56531718345375,34.382057416433305,33.09573125274566,1.7900090938203732,2.2924079190335913,24.56531718345375,2.767569127375356,2.473351343735383
2012-07-24T00:00:00+08:00,2675.53,12.946642694363929,33.15222703921897,24.734994862680022,34.75113873062999,33.0299456254995,1.7990429476312206,2.308427295071202,24.734994862680022,2.7907679096933755,2.4959803181463913
2012-07-23T00:00:00+08:00,2660.152,12.907579076868325,32.92848712227968,24.560550618957553,34.429372727784084,32.8450466664696,1.793517290765554,2.2885007240843627,24.560550618957553,2.7678237205606826,2.4687510252119607
2012-07-20T00:00:00+08:00,2692.548,13.068786671917419,33.27350361281796,24.82460108637463,34.75802607879864,32.88829550154391,1.815798060268475,2.311648575281163,24.82460108637463,2.7966958526523253,2.4826356606845095
2012-07-19T00:00:00+08:00,2715.881,13.169668276689313,33.52130024667067,24.986267020015728,34.8930008305916,33.175619693056,1.8298637978523042,2.3242139435089304,24.986267020015728,2.8146610846789257,2.4931897072730327
2012-07-18T00:00:00+08:00,2695.346,13.071350195581106,33.12456011224326,24.6801024626457,34.57684658283115,32.776031598405545,1.8145587563917056,2.294404754041013,24.6801024626457,2.777004734900135,2.4754562544451524
2012-07-17T00:00:00+08:00,2687.484,13.030267656403877,32.924643276636196,24.519646638401333,34.23759907543967,32.509929114675806,1.8087441384771028,2.2751428783464793,24.519646638401333,2.7523915538291686,2.4452796263063066
2012-07-16T00:00:00+08:00,2669.988,12.954710625497901,32.68789114702554,24.343807689645292,33.99517965667546,32.288162474008004,1.7979334977546393,2.2556265427124003,24.343807689645292,2.722283724777249,2.4295819570832684
2012-07-13T00:00:00+08:00,2747.579,13.246049477137555,34.08455708453549,25.374293000451313,35.364868718130595,33.70682087137538,1.8377313938252415,2.357018219058986,25.374293000451313,2.849294097977549,2.5308640303381242
2012-07-12T00:00:00+08:00,2753.279,13.263514604358967,34.41982049310842,25.587961653952117,35.77658045376427,33.87853740710218,1.8397191561706912,2.3791994399696166,25.587961653952117,2.870945823775016,2.5671623738086895
2012-07-11T00:00:00+08:00,2722.597,13.171888584123415,33.94317074382358,25.256882204335326,35.247419543529695,33.517991368581065,1.8264612175079853,2.351041652915869,25.256882204335326,2.830952237269795,2.527517672982271
2012-07-10T00:00:00+08:00,2699.772,13.104815907612737,33.71536255838882,25.0904025135592,34.92217231980607,33.35894597352395,1.816464173804796,2.3339799898932965,25.0904025135592,2.81687513920975,2.5114599567165983
2012-07-09T00:00:00+08:00,2717.87,13.161144399141296,34.10838377645056,25.358738470154805,35.53505612579924,33.644892321535956,1.8246082898946578,2.357704783046877,25.358738470154805,2.842520222990622,2.5347813051455
2012-07-06T00:00:00+08:00,2783.098,13.465299456932138,35.10511048649722,26.09201489257571,36.26924491154495,34.55804988800258,1.866038088907346,2.42690989484584,26.09201489257571,2.919004205245194,2.6078309564306545
2012-07-05T00:00:00+08:00,2733.35,13.30082822122159,34.531184883180494,25.686632151084414,35.55623910838325,33.98512665885185,1.842460921527266,2.387338280642138,25.686632151084414,2.865200452951455,2.554157432598859
2012-07-04T00:00:00+08:00,2781.86,13.472898518007693,35.26414035348395,26.259622095258774,36.3745278508671,34.547611843086415,1.8647693996112695,2.4437216168530416,26.259622095258774,2.9279932232121633,2.6220014691224973
2012-07-03T00:00:00+08:00,2789.573,13.496567672002932,35.41937658707928,26.377851619065645,36.534039239773534,34.799667632064924,1.867714797457526,2.454235134606103,26.377851619065645,2.940422734115535,2.6272745951687733
2012-07-02T00:00:00+08:00,2783.993,13.468350603992327,35.279864875535615,26.270940873141818,36.03918280195097,34.626497690036224,1.8638593779682437,2.443145584249048,26.270940873141818,2.9149095784241865,2.6276875569050464
2012-06-29T00:00:00+08:00,2767.827,13.374861711211581,35.61184178745111,26.07602379060044,36.29918419471601,34.712109240241986,1.8520053593506594,2.4067065823311036,26.07602379060044,2.878369206107539,2.566766493243251
2012-06-28T00:00:00+08:00,2729.538,13.198403322624834,35.096030458809885,25.750054009917044,35.8824185637884,34.21989275078945,1.8275104841114436,2.380156413844097,25.750054009917044,2.838428449775576,2.536662080426699
2012-06-27T00:00:00+08:00,2758.886,13.322099099931853,35.53761616055179,26.09676635724862,36.33210998135641,34.46703980295366,1.8442792061271416,2.4147209716729026,26.09676635724862,2.8761231499036235,2.5707957239985135
2012-06-26T00:00:00+08:00,2766.748,13.34262479128227,35.61895361441588,26.191901796573568,36.20478069309359,34.31310863673134,1.8471692376564028,2.4241073250188783,26.191901796573568,2.873882349883453,2.585082143052394
2012-06-25T00:00:00+08:00,2769.358,13.353485747175661,35.613259595335435,26.192194907145304,36.40079885344023,34.31640049160409,1.8474939722767356,2.424938524488213,26.192194907145304,2.8844517304444754,2.57249195796087
2012-06-21T00:00:00+08:00,2835.268,13.630962129152813,36.560131534541185,26.89636513033609,37.040469532680746,35.20327252399112,1.8771667708080297,2.4872905385368984,26.89636513033609,2.9744172513726026,2.6536316182603894
2012-06-20T00:00:00+08:00,2877.219,13.814653055586566,37.080355340714156,27.287362394647886,37.45061039581906,35.78784997059395,1.9019452632509206,2.525047940302324,27.287362394647886,3.0157736288858756,2.7087743541629132
2012-06-19T00:00:00+08:00,2886.106,13.846674532814546,37.05831333004814,27.29756239604922,37.65082355114333,35.79372332152536,1.901091347226574,2.526504441049828,27.29756239604922,3.014397366028519,2.7001266868399663
2012-06-18T00:00:00+08:00,2908.231,13.929077962401587,37.331985665534106,27.46760585550903,37.67721900960357,35.86654941987079,1.9128107989865957,2.543189460538764,27.46760585550903,3.029959257759413,2.717853792745596
2012-06-15T00:00:00+08:00,2887.456,13.856232257668243,37.00700904595815,27.230330352216424,37.248616610293844,35.61065655004579,1.9021411112821236,2.519176852818487,27.230330352216424,3.007784086914795,2.6805369151673597
2012-06-14T00:00:00+08:00,2882.038,13.798848339587328,36.97919256665661,27.190251787768542,36.97468888145496,35.39221595492935,1.893977295188565,2.5148259789380925,27.190251787768542,2.994416687217818,2.6828616854318663
2012-06-13T00:00:00+08:00,2902.557,13.92242791602405,37.22829271073798,27.379906945000318,37.416482395504076,35.60785558114147,1.9006948739506695,2.530493404221055,27.379906945000318,3.0250544396084633,2.6976040212245964
2012-06-12T00:00:00+08:00,2854.21,13.735353872389172,36.592665101164634,26.926424080344834,36.746512303942424,34.80710633946309,1.869124152692218,2.486523849570232,26.926424080344834,2.978433897717798,2.6553724466057442
2012-06-11T00:00:00+08:00,2871.921,13.817884802784253,36.86054688100817,27.07992502584821,37.01847100693618,34.89214951173279,1.8795388059912703,2.5019537338088824,27.07992502584821,2.989256901783568,2.676442957755496
2012-06-08T00:00:00+08:00,2828.696,13.656516971771127,36.18380276395777,26.63673199974854,36.40598279985121,34.30912101791972,1.853992354030061,2.4575602068527314,26.63673199974854,2.929937748498331,2.620194342657468
2012-06-07T00:00:00+08:00,2845.283,13.724291176398436,36.35280554563831,26.759902433966197,36.35101467391861,34.2577993946752,1.861397422001571,2.465183333851652,26.759902433966197,2.9349166542794163,2.6244255744242055
2012-06-06T00:00:00+08:00,2861.283,13.806242206601341,36.5562959200217,26.88293955488305,36.38826191886978,34.427678134375334,1.8672457244540273,2.4778136580122285,26.88293955488305,2.9532112537625697,2.6314242106630905
2012-06-05T00:00:00+08:00,2866.419,13.815659263742106,36.69705998355344,26.97246837354886,36.555738753932815,34.591017210279695,1.868313061673706,2.4845348360466923,26.97246837354886,2.9682912384767017,2.633469565172792
2012-06-04T00:00:00+08:00,2867.402,13.803878708959106,36.80075445745649,27.00411778192412,36.55231976535929,34.74816540095535,1.8667582314875335,2.4872274753077863,27.00411778192412,2.955296169101778,2.635262884630139
2012-06-01T00:00:00+08:00,2955.832,14.18267028270258,38.07829462707986,27.93582813136325,37.929929261690525,35.944979185129476,1.9178290365799089,2.5791007316784422,27.93582813136325,3.0607473962947256,2.730887754377191
2012-05-31T00:00:00+08:00,2957.274,14.178804441750973,38.15400893861349,27.98433237905586,38.011688669416515,35.81654617448102,1.9168767136412161,2.58361603291338,27.98433237905586,3.061298908273445,2.7471089647956326
2012-05-30T00:00:00+08:00,2962.261,14.224992728467234,38.10490338122166,27.95389600315101,37.70291215467494,35.43208725953984,1.9211033261576882,2.578904694332059,27.95389600315101,3.0532124536799303,2.7385657545659092
2012-05-29T00:00:00+08:00,2965.028,14.232339167140244,37.840700390960095,27.902356444119274,37.45168181659266,35.47489453260646,1.9234467675470643,2.5707044917926263,27.902356444119274,3.0442277231565296,2.7340684174620056
2012-05-28T00:00:00+08:00,2922.591,14.055991056498435,37.32820121555776,27.491546625719185,36.89932854677819,35.011937702395905,1.8995160341177582,2.5312884125171204,27.491546625719185,2.99711803219866,2.6932626460849423
2012-05-25T00:00:00+08:00,2879.712,13.888671398229416,36.76706678630294,27.10194136173881,36.583679393505854,34.726733714587546,1.8743482449326945,2.4978722344422333,27.10194136173881,2.9564321015878705,2.6591177506419426
2012-05-24T00:00:00+08:00,2908.337,14.00274526060875,37.202004758109894,27.440171491299047,37.13089026022029,34.89363132646882,1.8894010121149647,2.5290007136788097,27.440171491299047,2.9904191899020205,2.695543051346193
2012-05-23T00:00:00+08:00,2931.775,14.087788879295278,37.39890625611272,27.632136868717595,37.425483841541784,35.236545939122955,1.9006328693965167,2.5434158944560923,27.632136868717595,3.019019842219359,2.712970612210598
2012-05-22T00:00:00+08:00,2940.529,14.13915984251183,37.5470360287852,27.731927401817114,37.62661260908512,35.3066550923449,1.9075418225142293,2.554649800858754,27.731927401817114,3.0317095041919484,2.7185994473620534
2012-05-21T00:00:00+08:00,2896.938,13.98068984773281,36.95554135392255,27.3459033553157,37.026403097923016,35.02186513270458,1.8861655458881854,2.521394032246997,27.3459033553157,2.9892303039909196,2.679964653886826
2012-05-18T00:00:00+08:00,2890.434,13.956088743275757,36.998854460313886,27.4189821737594,37.09575323406314,35.08064447995471,1.882532623698755,2.530382907148115,27.4189821737594,2.998774994693293,2.6884942191054115
2012-05-17T00:00:00+08:00,2936.009,14.157499140829238,37.67508331074825,27.85705758040742,37.802738056423316,35.566810239073284,1.909320520799867,2.5664311544849205,27.85705758040742,3.0480793321968362,2.743293563291572
2012-05-16T00:00:00+08:00,2893.028,13.970931612564266,37.114230067120566,27.468362127650302,37.54271472483045,35.0656005964484,1.8839678848142911,2.5271456725525328,27.468362127650302,3.0019861096276546,2.695014246045414
2012-05-15T00:00:00+08:00,2934.811,14.153128073166284,37.64125816409589,27.827143026714047,37.890623588450886,35.675790862047855,1.9081819772178485,2.556730916599211,27.827143026714047,3.0476968290095,2.724631751707298
2012-05-14T00:00:00+08:00,2936.583,14.18058633552052,37.728765480698456,27.901474551146716,37.95157384311269,35.945568314879004,1.9119739829944618,2.5654168913327906,27.901474551146716,3.056813180371948,2.7287736800348177
2012-05-11T00:00:00+08:00,2952.357,14.26758332930788,37.81687674964923,27.981022615441137,38.1331087401013,35.90335465416155,1.9235947996892693,2.5708615268450394,27.981022615441137,3.068700744548122,2.728792866424768
2012-05-10T00:00:00+08:00,2972.471,14.356936708367042,38.14961148931745,28.163129871660338,38.25376184257348,36.12308285022048,1.935340063463961,2.587081359021817,28.163129871660338,3.0867284293346415,2.732301570586358
2012-05-09T00:00:00+08:00,2967.797,14.33494081299001,38.04262463599414,28.07329077451549,38.22973699976735,35.78966225354644,1.9326429922302744,2.578249287497135,28.07329077451549,3.0677070512821123,2.729372718938986
2012-05-08T00:00:00+08:00,3021.787,14.569436590178539,38.83832166244923,28.613815391694917,38.433663975993674,36.500110321354505,1.964071272140633,2.6260533327992888,28.613815391694917,3.125100879128075,2.7855915751375573
2012-05-07T00:00:00+08:00,3026.91,14.586848994828065,38.858485107685986,28.608944465055952,38.61244529806011,36.431308627185025,1.966843456981914,2.622202560811465,28.608944465055952,3.124181279647553,2.7893091934360106
2012-05-04T00:00:00+08:00,3015.884,14.553520628552693,38.52926225762936,28.408611921699954,38.240620003530736,35.87436200174661,1.961651896994629,2.6024739546742417,28.408611921699954,3.0936849612300703,2.7627274424942962
2012-05-03T00:00:00+08:00,2990.597,14.464148226374045,38.164710483246026,28.162202245249922,37.97546756616025,35.44575234173131,1.9493386983358896,2.5789388752206164,28.162202245249922,3.0625514793608164,2.7334526930898457
2012-05-02T00:00:00+08:00,2979.694,14.433703912397322,37.73935607734692,28.090883792605105,37.78273096687762,35.13932039861302,1.9455584193227635,2.565098920405238,28.090883792605105,3.0301763858767057,2.7181935356584175
2012-04-27T00:00:00+08:00,2926.836,14.349295346497028,36.760409149926694,28.037388342271896,37.12261663168144,34.38349480589762,1.9477883252011705,2.5343601925172132,28.037388342271896,2.9939193490507514,2.6824651123832335
2012-04-26T00:00:00+08:00,2940.104,14.373783479232936,36.2776368045251,28.137254285865996,37.27120391346093,34.50452563021099,1.9756767989814539,2.550746045444034,28.137254285865996,3.0142692920867575,2.7110993203090175
2012-04-25T00:00:00+08:00,2943.039,14.353270794349536,35.599828207336756,28.135797444068135,37.02685520907924,34.3555245054763,1.981816251949767,2.562674816845496,28.135797444068135,3.0372542190337906,2.7145844934052743
2012-04-24T00:00:00+08:00,2911.868,14.228383568257426,34.69948316213645,27.93384827104425,37.11828845147614,33.97944239275097,1.9676966774102147,2.530880383234548,27.93384827104425,3.0089811887543907,2.6890304636029456
2012-04-23T00:00:00+08:00,2922.326,14.216553097988019,34.38921010838477,27.98929025395225,37.36944859402939,34.21474814748723,1.9745396273616214,2.5623774501069145,27.98929025395225,3.0466165358043047,2.730067318295077
2012-04-20T00:00:00+08:00,2954.358,14.360801473267493,34.567804438762096,28.50161234124718,37.61584470785888,34.801929014729375,1.9968858133133454,2.615657756767662,28.50161234124718,3.1162710819903574,2.7903224058245355
2012-04-19T00:00:00+08:00,2924.667,14.212442672693596,34.04902187959746,28.24951405845204,37.03923872350049,34.493036358695186,1.9774131410816846,2.59583450289532,28.24951405845204,3.090258486317919,2.7778418651876953
2012-04-18T00:00:00+08:00,2929.285,14.237928963648034,34.073158284733225,28.293291480399258,37.09924461690844,34.5602463159271,1.9804954744503844,2.598952289690967,28.293291480399258,3.0958760029281196,2.779929818095306
2012-04-17T00:00:00+08:00,2864.525,13.94626639657952,33.0760566462844,27.51647627560406,36.1792477621323,33.62740764826765,1.9430650333717074,2.542862332519317,27.51647627560406,3.028115826213222,2.7287505754494825
2012-04-16T00:00:00+08:00,2902.518,14.061208321761836,33.14504018919932,27.66289699978026,36.63369345055637,33.89836269004596,1.9637971226330087,2.5802203615146304,27.66289699978026,3.074794448660611,2.758839126647169
2012-04-13T00:00:00+08:00,2903.378,14.078832844445431,33.12097597180018,27.63319159804524,36.70402340395612,33.79975597693877,1.9666424697815026,2.5757684393482165,27.63319159804524,3.07165874169413,2.7562050804657954
2012-04-12T00:00:00+08:00,2886.758,14.028433998637782,33.03764285167049,27.438567527042352,36.39964370838712,33.613071644569985,1.9592298796059895,2.5574479849546745,27.438567527042352,3.0466159974180607,2.7388351725216644
2012-04-11T00:00:00+08:00,2829.664,13.769731400415896,32.31714169720425,26.85840667287079,35.59718554306624,33.06550497529739,1.9246622020980408,2.5061501668030037,26.85840667287079,2.988016797854396,2.6766098420831135
2012-04-10T00:00:00+08:00,2823.859,13.751199020111422,32.13803619895,26.678302527010707,35.073746695489255,32.81877518810944,1.9228879986163285,2.4924475848148266,26.678302527010707,2.972830742870247,2.6663890610876972
2012-04-09T00:00:00+08:00,2794.769,13.633693485019132,31.769931473388265,26.36340052674005,34.832491844899586,32.47755370161424,1.9059115044892228,2.4661989418870105,26.36340052674005,2.9327915892453134,2.6446508122697896
2012-04-06T00:00:00+08:00,2824.326,13.750039323543666,32.02306528226454,26.58451598217577,35.294575061329844,32.9342953272248,1.9239899273399876,2.4933097319786355,26.58451598217577,2.9653519492277716,2.6712932110006244
2012-04-05T00:00:00+08:00,2811.069,13.716135151109272,31.787226588474212,26.401521981578114,34.86488488614988,32.55046348881108,1.9202463614939633,2.4771237850487395,26.401521981578114,2.9434318529876466,2.6589377539348336
2012-03-30T00:00:00+08:00,2737.201,13.466149062099547,30.836144066502662,25.563609728913143,33.5276862929956,31.42614474373057,1.886500862582701,2.407981483895888,25.563609728913143,2.85414053624932,2.5724460359700747
2012-03-29T00:00:00+08:00,2733.407,13.360156144286156,30.67203596033913,25.452076404989537,33.49074908536043,31.671808854559377,1.8998674918879868,2.4189732202062517,25.452076404989537,2.874587718027091,2.585651955894419
2012-03-28T00:00:00+08:00,2776.021,13.53938417547197,30.977277360608593,25.85289815768861,34.124548739118985,32.46273565855114,1.9308291964910707,2.4687950232424285,25.85289815768861,2.938606249238201,2.642643540078411
2012-03-27T00:00:00+08:00,2877.95,13.89426216172802,32.19230221904578,26.984161019591333,35.87834245653768,33.94343317327002,1.9886032250063097,2.5912223463329975,26.984161019591333,3.107222982806938,2.78401326734557
2012-03-26T00:00:00+08:00,2886.869,13.85001890911331,32.097802504990064,26.851112615910804,35.93077731047231,34.0135700282947,1.9962168289678939,2.599230505959671,26.851112615910804,3.106464574784554,2.8028949536310384
2012-03-23T00:00:00+08:00,2887.495,13.84740898087865,32.063033510012126,26.848794734744434,35.76798492917951,34.25342660652436,2.006506210584078,2.60811517277708,26.848794734744434,3.1159594960931027,2.802974294980313
2012-03-22T00:00:00+08:00,2931.922,14.016669736366852,32.71786280496528,27.393706871936725,36.66766577688548,34.830866781975445,2.0379026235761883,2.6616038861747513,27.393706871936725,3.18991594800558,2.8504471587260247
2012-03-21T00:00:00+08:00,2938.38,14.025362019330373,32.70309500262959,27.394269665728313,36.59133492853978,34.813032842802855,2.040755913704958,2.664665736834999,27.394269665728313,3.2063853857474287,2.8503375603984553
2012-03-20T00:00:00+08:00,2932.541,14.015147945728074,32.65510927664776,27.309242746812103,36.42499457207882,35.000773449204594,2.040999573099808,2.656633840218394,27.309242746812103,3.188169451115221,2.85190909183081
2012-03-19T00:00:00+08:00,2990.095,14.23776589807515,33.35950133674426,27.850314030471054,37.2633083081452,36.05535285567735,2.073338266924448,2.718403969277368,27.850314030471054,3.2772867389125415,2.9244686561430053
2012-03-16T00:00:00+08:00,2969.033,14.17648277528131,32.955304166238925,27.49499863491681,36.81632918790973,35.5520459989244,2.0692669322906925,2.684696066405953,27.49499863491681,3.223244503001058,2.8903261960631896
2012-03-15T00:00:00+08:00,2912.907,13.988967429418501,32.19257881649037,26.89980163904078,35.908748706137004,34.61136135098335,2.0414615518314077,2.623136415500559,26.89980163904078,3.142009879463822,2.8201217401537035
2012-03-14T00:00:00+08:00,2939.647,14.084713136471665,32.57467503685367,27.237123662499172,36.61764179205417,34.93812071199969,2.057272050232398,2.6641624813756426,27.237123662499172,3.1789210049684584,2.8530043663332325
2012-03-13T00:00:00+08:00,3047.039,14.499391038612249,34.03521405937693,28.454594066333097,38.1900564746961,36.74094321237758,2.1180107716276515,2.7911747851981934,28.454594066333097,3.3197587897887226,2.984352917823139
2012-03-12T00:00:00+08:00,3017.148,14.379882820153489,33.62781768425861,28.15724011809885,37.7661143925734,36.16218246361751,2.099833122968665,2.7644231869228197,28.15724011809885,3.2887077323938585,2.9642370682802146
2012-03-09T00:00:00+08:00,3015.739,14.393463732252824,33.45210103530742,28.068905366606387,37.49455295262007,35.66972640253815,2.1020965243165546,2.7557751967732695,28.068905366606387,3.2645052306208977,2.9461196312378166
2012-03-08T00:00:00+08:00,2978.285,14.26985679042565,33.02562247976921,27.677398299241727,36.91768808035383,34.88988303711404,2.0827394630156575,2.716665182951534,27.677398299241727,3.2156849218579517,2.8949979796219583
2012-03-07T00:00:00+08:00,2938.741,14.114294359683436,32.51375894227227,27.27281108249397,36.546202324591256,34.50256627212593,2.061880094619919,2.678810984554293,27.27281108249397,3.1742206941079663,2.8537418564787225
2012-03-06T00:00:00+08:00,2957.477,14.199420004029564,32.66157891439493,27.400742874827586,36.69567335675329,34.840117834077056,2.0747513604969026,2.689909307366384,27.400742874827586,3.1946368663976927,2.8760458857971494
2012-03-05T00:00:00+08:00,2996.008,14.371663620450644,33.046484944741174,27.67549416818703,36.853766793116336,35.09634182168291,2.102310448478554,2.7188767327874266,27.67549416818703,3.224397470291741,2.907986618375019
2012-03-02T00:00:00+08:00,3004.724,14.446465142723838,33.03601426054378,27.660799355061307,36.66577092681477,35.01162922371175,2.113429129294729,2.7157538513092745,27.660799355061307,3.2220091234455484,2.8998893777755765
2012-03-01T00:00:00+08:00,2950.118,14.226863800325242,32.337709486993084,27.084346933761214,35.866217452969025,34.407032494855926,2.0823500232600543,2.663987040555055,27.084346933761214,3.1592701471535936,2.8416336932186192
2012-02-29T00:00:00+08:00,2943.445,14.224021211885452,32.124836420699246,26.931481136745106,35.80909398809515,34.19816087302397,2.0826371019036967,2.649196922713501,26.931481136745106,3.143892363363146,2.8249985146828234
2012-02-28T00:00:00+08:00,2977.756,14.368773344215715,32.470538606940906,27.20108620397899,36.45458701336344,34.52671082515051,2.1055789946407772,2.690578635647563,27.20108620397899,3.190543821228551,2.8623407635887204
2012-02-27T00:00:00+08:00,2982.534,14.370560822878007,32.580492097086626,27.338196923278517,36.65383386461309,34.947977796955904,2.106242323345878,2.7075773641541887,27.338196923278517,3.214722055301947,2.8891232139548335
2012-02-24T00:00:00+08:00,2974.595,14.329536195754104,32.55236566157429,27.27867660383124,36.553402629680924,34.75877420240996,2.1002740704488936,2.703481193153666,27.27867660383124,3.2052414630136514,2.8904548258983134
2012-02-23T00:00:00+08:00,2931.251,14.144791532331103,31.993817158969385,26.83338326613179,36.14057324358293,34.54237572946472,2.0743230467814224,2.666831730321866,26.83338326613179,3.1669032126532732,2.856108602928452
2012-02-22T00:00:00+08:00,2922.194,14.107069540212706,31.830796994700286,26.7148440524953,36.16661876913606,34.390005088666406,2.0688683534304033,2.6569085346496935,26.7148440524953,3.1611723663729046,2.8593764617418707
2012-02-21T00:00:00+08:00,2875.493,13.941811865546326,31.116090407509834,26.168535927214165,35.37141201825368,33.8130946548874,2.0452276576117163,2.602639271589785,26.168535927214165,3.093011488608451,2.799443033088212
2012-02-20T00:00:00+08:00,2847.056,13.81596342143324,30.68368127553652,25.827882590491747,34.87015685307393,32.99383800879471,2.028190246422249,2.5738113605064092,25.827882590491747,3.0525599534799652,2.75760618157522
2012-02-17T00:00:00+08:00,2841.682,13.775425570595967,30.48414591896273,25.667995700894902,34.753513104097905,32.997028791857986,2.023705848770904,2.568545722735167,25.667995700894902,3.045386948012977,2.752123727615815
2012-02-16T00:00:00+08:00,2845.036,13.772982420282462,30.563266258913313,25.75665382697783,34.84074587843638,33.16790084416327,2.023662043670126,2.5779574826142477,25.75665382697783,3.063817668130228,2.7588906478398902
2012-02-15T00:00:00+08:00,2853.766,13.827158888377078,30.699657903115586,25.795717851749114,34.83899533405527,33.10162838385577,2.0312349247276655,2.5788417394539422,25.795717851749114,3.0678802883275553,2.7599498421778987
2012-02-14T00:00:00+08:00,2817.058,13.68271292289775,30.235752501396906,25.39812366075963,34.315191104252136,32.62929420276838,2.009996449472211,2.5350614967260086,25.39812366075963,3.011874614310104,2.7174985116789743
2012-02-13T00:00:00+08:00,2822.687,13.716898349920479,30.14962733788604,25.345895138961186,34.28480178718338,32.634850496813996,2.0152754984746166,2.5327355220402157,25.345895138961186,3.005675502728682,2.711439452596313
2012-02-10T00:00:00+08:00,2811.136,13.691384131562275,29.888467089727992,25.118412725589632,33.73884442702032,32.17964570857224,2.0115109153965047,2.505701330422427,25.118412725589632,2.9758999905596766,2.6657719978712553
2012-02-09T00:00:00+08:00,2802.279,13.672989111878966,29.70791017650525,24.958247913958,33.76417298681427,32.05055431541291,2.008748422422361,2.490047094828936,24.958247913958,2.9647753043626492,2.652224980185169
2012-02-08T00:00:00+08:00,2792.748,13.640206126384877,29.51043341421558,24.78432596850435,33.50015667668453,31.853868011411016,2.0039656056677986,2.4718030552666637,24.78432596850435,2.945105126363117,2.626771027873109
2012-02-07T00:00:00+08:00,2717.702,13.314688390236823,28.715881882481128,24.131391014315348,32.563160106817016,31.000777842907297,1.9562024576229444,2.4077768472365197,24.131391014315348,2.8599101605537918,2.5619911075777355
2012-02-06T00:00:00+08:00,2766.554,13.541052378922378,29.30100842731047,24.60957134306495,33.130598251125065,31.467472836982616,1.9894599983181291,2.453173615824362,24.60957134306495,2.9145402257405304,2.6207548233764357
2012-02-03T00:00:00+08:00,2757.062,13.518118110143128,29.102770497900423,24.42097210570062,32.80856445542783,31.153853488307966,1.986019905326731,2.432852352780609,24.42097210570062,2.8917564005763525,2.586873940037571
2012-02-02T00:00:00+08:00,2725.674,13.39258243099574,28.65925900811665,24.02934368211378,32.04876967880335,30.679713006510518,1.9683118742274794,2.391757336251988,24.02934368211378,2.841750848608543,2.5358959686345632
2012-02-01T00:00:00+08:00,2667.517,13.12983767616478,28.096877653352234,23.569721571115153,31.411689040029632,29.997320517457204,1.9299303851833665,2.346625227799975,23.569721571115153,2.780587028939446,2.489655758986257
2012-01-31T00:00:00+08:00,2697.423,13.256152220149126,28.31084044654095,23.746261180538582,31.66731892464596,30.155919519069858,1.9487535323238412,2.3625079080300404,23.746261180538582,2.79389735097157,2.5064406601556364
2012-01-30T00:00:00+08:00,2694.404,13.222831126018292,28.301963365750158,23.730238550134235,31.68837754918023,30.33170106657377,1.9438550851939602,2.3641697827845207,23.730238550134235,2.7947851443157004,2.500633287905531
2012-01-20T00:00:00+08:00,2728.343,13.406279690177973,28.51487008781964,23.896101306679885,31.732143878453282,30.226967189015568,1.9708295070125414,2.3782643115900837,23.896101306679885,2.7998335153543987,2.5024003092900196
2012-01-19T00:00:00+08:00,2690.351,13.252925331214122,28.092021260306925,23.545467309992556,31.188238154995723,29.703283281036448,1.9492994092932465,2.3506765556959532,23.545467309992556,2.766227967272897,2.4715356504308086
2012-01-18T00:00:00+08:00,2650.583,13.085295165009933,27.697697565505255,23.235688705649224,30.823325439654226,29.421641922429796,1.9245493270760234,2.3246871205932624,23.235688705649224,2.7483130082785494,2.441538051305448
2012-01-17T00:00:00+08:00,2701.592,13.30757855378871,28.395235842505322,23.78906559768862,31.928859898972046,30.624301670079,1.9577230368884195,2.3827500888074096,23.78906559768862,2.814475446462655,2.5272200308959074
2012-01-16T00:00:00+08:00,2570.845,12.763454573381287,26.92511598431228,22.56650482021872,30.314810489489894,28.939696126377747,1.8776663152227073,2.2587085084125014,22.56650482021872,2.6639614281790824,2.3822420863762064
2012-01-13T00:00:00+08:00,2638.112,13.021007818890082,27.775202741480115,23.26453045242058,31.668785550838372,30.247242367186814,1.9155862779809147,2.3312907719145826,23.26453045242058,2.7694216262229903,2.4677221775090743
2012-01-12T00:00:00+08:00,2706.03,13.259488315289246,28.864244303986847,24.14993111541707,33.12255433305802,31.569149950222418,1.9506858493025914,2.426503763792257,24.14993111541707,2.888519189786585,2.5893254900944846
2012-01-11T00:00:00+08:00,2707.796,13.27881659606541,28.9499383501175,24.197974680379513,33.18585628383232,31.696855650247343,1.9535293529797755,2.4317512205611695,24.197974680379513,2.896637035017631,2.6019881538909586
2012-01-10T00:00:00+08:00,2713.529,13.321206499867005,28.976544489994424,24.20603703664884,33.105021230623045,31.648483242727057,1.9597655955508868,2.4294326312498082,24.20603703664884,2.8782696111073194,2.597220403344388
2012-01-09T00:00:00+08:00,2619.638,12.949173151057051,27.894963867304053,23.293473153977416,31.832712725669996,30.654419243531457,1.905033454180932,2.3354269232131992,23.293473153977416,2.7671417622490377,2.4872331386823285
2012-01-06T00:00:00+08:00,2527.247,12.568328478959202,26.7787815981743,22.36658633169307,30.501641392495213,29.58880678360979,1.849776460730483,2.243317072946061,22.36658633169307,2.6557379714484943,2.3886817384526564
2012-01-05T00:00:00+08:00,2513.699,12.483372834796866,26.588897192873947,22.213998301561826,30.413919555052782,29.549809532543506,1.837272892650251,2.2300937233048272,22.213998301561826,2.65240987321849,2.3796466396719413
2012-01-04T00:00:00+08:00,2571.951,12.663600717576431,27.559555143198395,23.039966417693343,31.95498017497216,30.98900177976308,1.8641641554764556,2.3239634288711217,23.039966417693343,2.7764146774459797,2.4802867089261893
2011-12-30T00:00:00+08:00,2629.347,12.7685730558781,28.40489369348002,23.498260655528092,33.62678015264012,32.43260225496744,1.8900832133434697,2.3890074849236385,23.498260655528092,2.8832220689121466,2.5722658652948636
2011-12-29T00:00:00+08:00,2587.587,12.60231615626314,27.91602388653016,23.10222456603255,33.08214444904971,32.00301250084754,1.8655226078673317,2.351369323435206,23.10222456603255,2.8281969039547574,2.524911389546467
2011-12-28T00:00:00+08:00,2584.89,12.582984327072351,27.89661002746511,23.098235293838627,33.168108374609304,31.974082431456175,1.8626941317149772,2.3520850622930967,23.098235293838627,2.839310571793127,2.524132463481531
2011-12-27T00:00:00+08:00,2589.547,12.565403813696983,28.008695678889918,23.211447597592926,33.40077910503664,32.21666152840561,1.8644129904810007,2.367284140340985,23.211447597592926,2.8614895243921135,2.534718983168578
2011-12-26T00:00:00+08:00,2639.32,12.740890125606377,28.74919526188285,23.822554196515227,34.45780488206319,33.19356021124207,1.8912509148424514,2.4346627737081348,23.822554196515227,2.9541006221229815,2.623569945778464
2011-12-23T00:00:00+08:00,2662.012,12.831634478875669,28.928056955727644,23.968338621042708,34.813363308333926,33.56187786553001,1.9048352786850995,2.4496260089948425,23.968338621042708,2.9768023744275784,2.6505077325421453
2011-12-22T00:00:00+08:00,2641.151,12.728126385868977,28.616960341837203,23.713054930839647,34.58807867791313,33.25066394108223,1.889745997112056,2.428009099466911,23.713054930839647,2.9537844217916573,2.613614560281113
2011-12-21T00:00:00+08:00,2656.214,12.775846146103078,29.001699187330402,24.058223491106258,35.08339110617253,33.68704611066792,1.896921150892045,2.4704592597637913,24.058223491106258,2.9959854861374873,2.670128403004364
2011-12-20T00:00:00+08:00,2708.549,12.953503066270883,29.689844731596192,24.619079425501145,36.00713720522111,34.55207026478675,1.9238033016815201,2.532428485852209,24.619079425501145,3.071307901624708,2.7433412859317223
2011-12-19T00:00:00+08:00,2717.108,12.980980874189717,29.755083006096164,24.64530404601488,36.14084541684404,34.59610688646582,1.9277803503452635,2.540336413812822,24.64530404601488,3.082980496209465,2.763243954699604
2011-12-16T00:00:00+08:00,2718.427,13.007703754317788,29.75556417802987,24.659659642447043,36.00719070570037,34.37796817189465,1.9317489135615205,2.539211737492914,24.659659642447043,3.075432013050465,2.749971195463325
2011-12-15T00:00:00+08:00,2654.353,12.807685509638397,29.17876329877745,24.212668095723846,35.262268455758935,33.81641694315077,1.9021758230967303,2.494907648209958,24.212668095723846,3.011287635142937,2.7038156841094274
2011-12-14T00:00:00+08:00,2720.681,13.02877809989289,29.734268571855257,24.700761708499307,36.02590307708152,34.23393418995718,1.9357066363586377,2.5478835675601044,24.700761708499307,3.077152433139468,2.755081515427303
2011-12-13T00:00:00+08:00,2757.904,13.211064104713092,30.421046620092714,25.281249770809954,36.586279210350284,35.13712972153989,1.9627891629423608,2.606762252662849,25.281249770809954,3.143154680397032,2.8271721304122854
2011-12-12T00:00:00+08:00,2836.174,13.418428627509147,31.255110305348925,25.986871431261264,37.98986620007364,36.17986361120463,1.9937358580860605,2.6835821729234315,25.986871431261264,3.2480978834168504,2.9168830595477093
2011-12-09T00:00:00+08:00,2868.239,13.560887045741973,31.6590200396051,26.32733356055684,38.14626009698566,36.44078292641133,2.015056944649632,2.7165768624755575,26.32733356055684,3.2913759056861025,2.9518609204599535
2011-12-08T00:00:00+08:00,2894.187,13.649266646901335,31.917094061578947,26.548666742601238,38.58146564800567,36.84528378748303,2.028202860682668,2.7405683159729763,26.548666742601238,3.3248837467872536,2.9742572139231838
2011-12-07T00:00:00+08:00,2896.423,13.6574634178,31.90144472660292,26.5453353809089,38.525000563330465,36.61743797174229,2.0295013211711845,2.739515977008994,26.5453353809089,3.321621897869988,2.9648582660775586
2011-12-06T00:00:00+08:00,2884.757,13.621629187231855,31.772396106331225,26.453012836080543,38.387712375522256,36.48324162393541,2.0241763485827895,2.730705669855021,26.453012836080543,3.3108878335026035,2.961326800855921
2011-12-05T00:00:00+08:00,2887.603,13.646513190675527,31.680688711955565,26.40740323522809,38.30952857324439,36.28922623635716,2.0283750837434518,2.7257484849774802,26.40740323522809,3.311282683125451,2.940685855799396
2011-12-02T00:00:00+08:00,2951.963,13.85480737034989,32.57091620020007,27.16873445054958,39.939583488854765,37.58735698270155,2.0593594707083045,2.8079434040302904,27.16873445054958,3.4229453782365047,3.057921096977971
2011-12-01T00:00:00+08:00,2995.854,14.019631564503301,33.152777153304704,27.676913479629793,40.64897325680486,38.288123322489334,2.0868569335415774,2.864520096676623,27.676913479629793,3.4981073103960276,3.127553493829427
2011-11-30T00:00:00+08:00,2929.286,13.710500223991065,32.42945840541595,27.097931284371246,39.71322616990625,37.61782084172854,2.041731214296761,2.807084713612549,27.097931284371246,3.425916007392342,3.059378975955672
2011-11-29T00:00:00+08:00,3041.405,14.178871768753686,33.950560841978415,28.32414650354235,41.74263325201036,39.33940543646592,2.1114798585616867,2.9403221510980257,28.32414650354235,3.5810312707785785,3.20767271039829
2011-11-28T00:00:00+08:00,2997.055,14.002866462341402,33.39414087088823,27.875384235503226,41.041729649168644,38.829346149674755,2.0852696166231843,2.894220870907476,27.875384235503226,3.5321236322885006,3.148566074935835
2011-11-25T00:00:00+08:00,2993.836,13.990145981597887,33.416845827212086,27.900191379767534,40.854601783254324,38.831385321139344,2.0833480368119544,2.8942994946378353,27.900191379767534,3.5278495655983537,3.154603773720703
2011-11-24T00:00:00+08:00,3014.869,14.091810438832827,33.69977439709597,28.125928423659772,41.22066520760312,38.98777505777091,2.0984874390506842,2.9181718019655083,28.125928423659772,3.549387588509179,3.1877989474105948
2011-11-23T00:00:00+08:00,3013.378,14.072502591375619,33.71843715023326,28.1583701642966,41.316278739960744,38.93427019271357,2.096153242031136,2.9241837161347104,28.1583701642966,3.554953808645148,3.210178596091271
2011-11-22T00:00:00+08:00,3035.623,14.153011547556895,33.92215175132087,28.324174290868562,41.491311254122934,39.06612669574874,2.1084114680018784,2.9397176237105054,28.324174290868562,3.5781178285146016,3.2129255709954285
2011-11-21T00:00:00+08:00,3037.405,14.16409114603605,33.98767470302348,28.37995744394467,41.49290546510842,39.29398299595889,2.11081784076632,2.944938017934702,28.37995744394467,3.578104746882143,3.2259422450166806
2011-11-18T00:00:00+08:00,3033.943,14.165164058285246,33.966628021361466,28.363495294187935,41.46374219927002,39.13782378158761,2.112125282267491,2.9424214616039124,28.363495294187935,3.573435771222568,3.2307157663419552
2011-11-17T00:00:00+08:00,3109.424,14.46415713245954,34.88138978062285,29.119733742865808,42.59103657913624,40.31110495305241,2.1567072460621,3.0262329925563964,29.119733742865808,3.678765032587272,3.309804941976327
2011-11-16T00:00:00+08:00,3115.883,14.474533709394622,34.88601810874783,29.120344516500893,42.34586167693452,40.23819476378044,2.158254466439713,3.0259745475217374,29.120344516500893,3.667437547542579,3.3097522171235245
2011-11-15T00:00:00+08:00,3199.471,14.843929583973212,35.82833288113093,29.892521003123264,43.416035419219924,41.29646596577571,2.2133709569695674,3.1079480537800643,29.892521003123264,3.7656374676288116,3.390963173149969
2011-11-14T00:00:00+08:00,3193.561,14.828764368687,35.623955903493034,29.712794196206477,43.34212645384147,41.056712136923466,2.211275501227765,3.0895680300773893,29.712794196206477,3.7431930940332245,3.366158823187746
2011-11-11T00:00:00+08:00,3124.664,14.530763180101987,34.777035634124786,29.025052957156774,42.29742202112954,39.84358788436461,2.1668373598387243,3.017603109700451,29.025052957156774,3.6539938749935015,3.2685591399042533
2011-11-10T00:00:00+08:00,3127.82,14.523896695675486,34.7908882073282,29.03193173844342,42.24351044322554,39.910399837909374,2.1654583159697056,3.017153971987193,29.03193173844342,3.648360701908628,3.2664345817897527
2011-11-09T00:00:00+08:00,3180.284,14.77023860819741,35.293612301111445,29.447796606074895,42.69652116096332,40.010646718026294,2.202187899035685,3.0556022005733596,29.447796606074895,3.6895776203463306,3.3016262465153217
2011-11-08T00:00:00+08:00,3142.486,14.619652100632507,34.75575770022421,29.022250125987792,41.8915659820086,39.144808415689795,2.1803934960145734,3.0111261883036593,29.022250125987792,3.6265579526595815,3.234145241606855
2011-11-07T00:00:00+08:00,3164.373,14.671986674503701,35.1176283550049,29.318050257203573,42.15276798815693,39.78431888611127,2.188582957134169,3.045382747663033,29.318050257203573,3.6756076058973868,3.2799435264896153
2011-11-04T00:00:00+08:00,3187.575,14.772697007721362,35.312290160549004,29.466733487599967,42.17587829136396,39.953673107387274,2.2035767193948224,3.0574354259892167,29.466733487599967,3.686232432891201,3.2925385399749816
2011-11-03T00:00:00+08:00,3164.567,14.657067607562814,35.05508163047538,29.217980204967574,41.946853369287396,39.67637470065712,2.18758556487294,3.0353570046524685,29.217980204967574,3.6575053029064666,3.265531671155232
2011-11-02T00:00:00+08:00,3155.777,14.623878804353366,34.889254001884936,29.07214567039928,41.768063685085835,39.591203824292315,2.182632094726978,3.020152713709412,29.07214567039928,3.6326056850284507,3.2577417316372412
2011-11-01T00:00:00+08:00,3102.531,14.4222043103731,34.30883524017508,28.614590149831432,40.982425175036454,38.638238428147254,2.151586266010684,2.969357052658088,28.614590149831432,3.566390623134464,3.1881772705949794
2011-10-31T00:00:00+08:00,3100.438,14.408620217990794,34.30969044858902,28.61739434441736,40.92698594422779,38.484314300537555,2.1494345391237335,2.967687353157166,28.61739434441736,3.5604002854170735,3.192879537824756
2011-10-28T00:00:00+08:00,3100.589,14.570629575867512,34.41190169050029,28.71561466539665,40.264174253656726,38.09221371308556,2.1701175352985915,2.9594111034186446,28.71561466539665,3.5280355094143316,3.148022711606244
2011-10-27T00:00:00+08:00,3038.43,14.44957713178704,33.61081107164482,28.185831864917656,39.5324491138992,37.42243942658568,2.1568627032449426,2.9044860337948895,28.185831864917656,3.4713163826760915,3.0855979840362355
2011-10-26T00:00:00+08:00,3033.196,14.51492789982179,33.53195365755135,28.230155710076797,39.6309195454162,37.63150159744821,2.1640104749387765,2.9056003628671516,28.230155710076797,3.47025925400483,3.096623144588143
2011-10-25T00:00:00+08:00,3003.89,14.42742250243925,33.157102230647496,28.00703431723508,39.274768595825456,37.23516702991398,2.150834469583302,2.887221325443392,28.00703431723508,3.450771412840168,3.0781982778262353
2011-10-24T00:00:00+08:00,2938.164,14.178756121974574,32.42872777178957,27.452315266353704,38.37326511766073,36.18369982941884,2.1143028782692412,2.8205145624612644,27.452315266353704,3.374937491804095,3.0042613053739604
2011-10-21T00:00:00+08:00,2871.394,13.882772543895909,31.794776002365964,27.03624151569263,37.9336741799349,35.66570491959129,2.072541875652703,2.7794231288670526,27.03624151569263,3.330113300377491,2.9628228089782738
2011-10-20T00:00:00+08:00,2901.724,13.98396286211264,32.13913483693216,27.403095389816382,38.891291638610355,36.63654478869239,2.089497400715673,2.8250869195256145,27.403095389816382,3.4006426991514833,3.017818299565101
2011-10-19T00:00:00+08:00,2979.855,14.30040367666169,33.16896706416409,28.291278362338875,40.059242045661016,37.77966740474025,2.1367498218619763,2.9163628395054113,28.291278362338875,3.5118699192188005,3.1133503624039296
2011-10-18T00:00:00+08:00,2992.026,14.356459356734307,33.3486478626243,28.41458505123811,40.37614057644149,37.94409319196861,2.1429990718175818,2.9279691882598082,28.41458505123811,3.532775885894836,3.144999828473713
2011-10-17T00:00:00+08:00,3080.959,14.708847224913773,34.4641778554037,29.35270507230728,41.59076001435411,39.17137104466087,2.195035579890953,3.0231955346408967,29.35270507230728,3.648878909965739,3.234442356957048
2011-10-14T00:00:00+08:00,3067.602,14.654304505776189,34.347261705675315,29.257831274737253,41.38394831218619,38.78861496135919,2.1867859169742765,3.0146726434731845,29.257831274737253,3.62931419493945,3.2313343021951395
2011-10-13T00:00:00+08:00,3079.313,14.697935550578565,34.50490116950818,29.379407791509735,41.63409729955819,38.90103308945849,2.1931260216879185,3.0282524509147217,29.379407791509735,3.649487164354401,3.2454251795154305
2011-10-12T00:00:00+08:00,3049.376,14.571586184608709,34.096800857791244,29.043980038705595,40.61623904060478,38.40777479456919,2.1741189835514643,2.9901465201449806,29.043980038705595,3.598763711990376,3.20311429033693
2011-10-11T00:00:00+08:00,2943.765,14.13837763356571,32.91955063910138,28.06584936801151,39.29116678592805,37.15315444030112,2.1095963237645177,2.88912260393617,28.06584936801151,3.4767256118199263,3.0864320986056555
2011-10-10T00:00:00+08:00,2950.187,14.123168570717597,33.04639976803235,28.161144106579304,39.325896925313764,37.27156612710339,2.107142343542123,2.8924295074411375,28.161144106579304,3.4966480630907015,3.1065245457347754
2011-09-30T00:00:00+08:00,2972.772,14.194581266172582,33.24337286393564,28.316194367943776,39.43392859035549,37.66478585170624,2.1178005892673695,2.9059799966918507,28.316194367943776,3.5115830858550665,3.105913259786596
2011-09-29T00:00:00+08:00,2981.468,14.21903177091404,33.36689126912023,28.41568421936431,39.74718120648006,37.61976662458357,2.1219794638449576,2.9163368957839824,28.41568421936431,3.5259990496229885,3.119581405335629
2011-09-28T00:00:00+08:00,3039.791,14.406811019211663,34.28866479117158,29.208757332515955,41.109153260973,39.0676114510624,2.1517921398391655,3.0089046818801326,29.208757332515955,3.6427459942002707,3.2328282163070394
2011-09-27T00:00:00+08:00,3080.886,14.561039321300887,34.8395852001135,29.67755922476279,42.20087721578171,39.48816714646505,2.174767141312032,3.059011547352856,29.67755922476279,3.7098831788639455,3.2935385989885706
2011-09-26T00:00:00+08:00,3057.857,14.444461734400367,34.64856041977259,29.520187248234546,41.95022995721723,39.4005541811621,2.1577370714772037,3.043777643280198,29.520187248234546,3.6907384079526144,3.2746353884596164
2011-09-23T00:00:00+08:00,3117.811,14.691761753816658,35.22172298487196,30.005289418555048,42.521649625769406,39.91966436675236,2.1946346588540364,3.0898999677960046,30.005289418555048,3.7436769691297678,3.3190458012800272
2011-09-22T00:00:00+08:00,3139.471,14.771484010584757,35.46802939937811,30.207778454453575,42.72436885990889,40.419992072770015,2.20678835739174,3.1103020451003034,30.207778454453575,3.778032814509201,3.345869735137397
2011-09-21T00:00:00+08:00,3236.144,15.188752731452965,36.56171272222498,31.10974684022523,43.841310194505084,41.48887746146143,2.2690968355702066,3.203787202143415,31.10974684022523,3.8906615926514987,3.4586339668360644
2011-09-20T00:00:00+08:00,3143.218,14.797601054134665,35.47109879052577,30.206412518164154,42.61777105835376,40.33538086024056,2.2106250479380667,3.113315233221943,30.206412518164154,3.7777198959437475,3.354836032603259
2011-09-19T00:00:00+08:00,3129.022,14.739947851180439,35.280013906749886,30.049136121379252,42.361689914460655,40.066566981829354,2.2022616805081934,3.09733401560942,30.049136121379252,3.7540179532890736,3.3490448043887873
2011-09-16T00:00:00+08:00,3192.084,15.012614834752336,36.051627306937924,30.687692057786567,43.121820105071244,40.966174846952704,2.2414309590492927,3.163380556782639,30.687692057786567,3.841660969951889,3.400509957853054
2011-09-15T00:00:00+08:00,3188.574,14.989825331850001,36.065747480785795,30.68824092275257,43.07570556589753,41.09580645550426,2.2380040715740215,3.165217592055,30.68824092275257,3.8340509826540483,3.4066577853440307
2011-09-14T00:00:00+08:00,3189.476,15.009901674638044,36.02330987756818,30.659451484346043,43.06265258291252,41.09209601078021,2.2359088951289476,3.1622395571793454,30.659451484346043,3.8261146296177575,3.399920808783373
2011-09-13T00:00:00+08:00,3165.217,14.918478411477716,35.63713617161836,30.330583018665063,42.48162847546108,40.58168672218363,2.2222902791110504,3.1251262624248475,30.330583018665063,3.77997178600219,3.361070473785926
2011-09-09T00:00:00+08:00,3208.336,15.094779389234047,36.16060772508796,30.764088806123684,43.16546346729367,41.28931488696957,2.248552471426709,3.170468551303074,30.764088806123684,3.838308947972519,3.40375851138367
2011-09-08T00:00:00+08:00,3219.831,15.118519945022367,36.37263817148754,30.918970891623445,43.34461754662091,41.74426999720953,2.252184690128251,3.1858321554240856,30.918970891623445,3.8619860876489738,3.4100450330445717
2011-09-07T00:00:00+08:00,3249.364,15.22614205805361,36.801229771602124,31.267532072566148,43.85832501609047,42.194908106041716,2.268052640603,3.2186966661218235,31.267532072566148,3.915493863159869,3.4629327465678372
2011-09-06T00:00:00+08:00,3179.7,14.937841187800446,35.94089972864261,30.546002531615084,42.72428593738962,41.037029318685086,2.225053856578368,3.1416086640312884,30.546002531615084,3.80712639799679,3.376247314646692
2011-09-05T00:00:00+08:00,3203.01,15.010939066615563,36.230032863836186,30.775269430443377,43.132228869774025,41.178047452995415,2.2367204999136683,3.1615758652753794,30.775269430443377,3.850479662012819,3.3864945119990644
2011-09-02T00:00:00+08:00,3276.955,15.321155396001297,37.14308391291779,31.526618665488883,44.23600189844049,42.3087505140697,2.2830198269828372,3.2401630339309184,31.526618665488883,3.9463897499209577,3.489323001920147
2011-09-01T00:00:00+08:00,3313.778,15.490198403867604,37.5971752175303,31.909199684254197,44.754416732106584,42.8396758116411,2.3079883563616796,3.279279609931755,31.909199684254197,3.989798985185985,3.540132604825988
2011-08-31T00:00:00+08:00,3331.982,15.543485993784714,37.79539748239558,32.067384461862495,44.92456089918244,42.919621112909226,2.32102442771504,3.2969537015891968,32.067384461862495,4.008591703465491,3.5578469942121096
2011-08-30T00:00:00+08:00,3336.009,15.592377388060624,37.913790783358905,32.248903586497356,45.13972011306583,43.086842477546845,2.3232336435122938,3.3117044911823355,32.248903586497356,4.040005156308064,3.5769877270231833
2011-08-29T00:00:00+08:00,3356.705,15.699480791944328,38.42413843585704,32.64937057015843,45.66478101932709,43.57788034202514,2.338378475548367,3.349333152690755,32.64937057015843,4.0917110522522755,3.6278620881251067
2011-08-26T00:00:00+08:00,3400.345,15.936692081369138,38.900359529759655,33.11626132789741,45.953821736379474,44.06568201558124,2.3760034949557634,3.384804772126904,33.11626132789741,4.124498572399487,3.6598534642008005
2011-08-25T00:00:00+08:00,3397.274,16.10062197355913,38.78971661720638,33.08752111414639,45.953149238075824,43.764051356428574,2.4027083988068414,3.3774565038136837,33.08752111414639,4.112851331900827,3.633798215837721
2011-08-24T00:00:00+08:00,3307.902,15.74594405184356,37.986876816101564,32.38815467641119,45.01674719810095,43.11196664597604,2.34958851896102,3.312299527867208,32.38815467641119,4.05138611009997,3.5769592489987314
2011-08-23T00:00:00+08:00,3316.38,15.812258211475218,38.1020453854692,32.533228929868045,45.3232066510883,43.11000961207869,2.357788662473195,3.3186345956276506,32.533228929868045,4.053361491668027,3.6005738932010662
2011-08-22T00:00:00+08:00,3263.782,15.552245837258681,37.391612245826146,31.960157907234947,44.38223462227436,42.604171256782394,2.322242332129687,3.2566043469099943,31.960157907234947,3.986754865889843,3.5210736075421556
2011-08-19T00:00:00+08:00,3292.86,15.793969848391441,37.63864184327594,32.19790628891258,44.65707539267233,42.517397643972295,2.3507663349417562,3.268569435834586,32.19790628891258,4.016075954786433,3.5432437774193715
2011-08-18T00:00:00+08:00,3323.582,16.0147286783491,38.06655410135281,32.583023281709366,45.09715591290608,42.80291824558186,2.380422530808438,3.3035757272806068,32.583023281709366,4.04936870415977,3.566209852577858
2011-08-17T00:00:00+08:00,3384.14,16.277883338618892,38.77518117309776,33.20097476093056,45.90161523175511,43.70487780223998,2.4193042351503236,3.3666837133933103,33.20097476093056,4.12692003206909,3.6549019959123434
2011-08-16T00:00:00+08:00,3395.637,16.349423143865028,38.87596991928933,33.28868116253515,46.00028282416107,43.64992521424014,2.4275214247126042,3.371484652729695,33.28868116253515,4.135654746716484,3.660689512328771
2011-08-15T00:00:00+08:00,3419.895,16.543979230078552,39.31561003758352,33.66270507057628,46.61452021127021,44.40813095423252,2.4495975151930884,3.400029597174232,33.66270507057628,4.1737159290200845,3.679692978766515
2011-08-12T00:00:00+08:00,3370.212,16.34296576808192,38.782677705937026,33.16881245421236,45.72718272743784,43.80144882702662,2.4202610928275172,3.3488574930550534,33.16881245421236,4.115103286614965,3.6309115785340147
2011-08-11T00:00:00+08:00,3348.175,16.26715319826891,38.36158162498571,32.846980589284485,45.34946137926446,43.27202388163042,2.409430111127302,3.311972402333265,32.846980589284485,4.077552144350263,3.6029501598654106
2011-08-10T00:00:00+08:00,3294.261,16.049146181039667,37.699355860694006,32.284952941133554,44.38179028749335,42.38441432651558,2.3770421913564994,3.254767426595446,32.284952941133554,4.0036304821154785,3.5386549207828812
2011-08-09T00:00:00+08:00,3256.304,15.914303242718965,37.594557627091724,32.154070008305425,43.96526878698167,41.87917031883312,2.3538962545571094,3.211420696943743,32.154070008305425,3.9473828152782335,3.480138166481978
2011-08-08T00:00:00+08:00,3257.112,15.945032951630408,37.811029006802165,32.34212864179483,44.14573398293119,41.810769746835945,2.356321682927368,3.2305893390761042,32.34212864179483,3.9731375854262883,3.4729093293718396
2011-08-05T00:00:00+08:00,3400.429,16.610518799087348,39.932427244144925,34.13826802279304,46.43021719657164,44.06136299597951,2.4522785701789136,3.4195081854577056,34.13826802279304,4.190267875099743,3.667564542215337
2011-08-04T00:00:00+08:00,3473.524,16.949793621136372,40.84039561196589,34.89644379979543,47.45482653300591,44.85401968150822,2.5091201576547353,3.504257446394078,34.89644379979543,4.285065246273045,3.7699871995109047
2011-08-03T00:00:00+08:00,3462.98,16.921124143043425,40.6995781303834,34.77534299432045,47.41147512508647,44.84161781932406,2.504664936188456,3.4941971051186456,34.77534299432045,4.269165364678153,3.7665006362987805
2011-08-02T00:00:00+08:00,3457.892,16.904857205001385,40.567958558191336,34.67684561812819,47.21991770957654,44.36179617802637,2.5022706662588057,3.4813221535730867,34.67684561812819,4.238717003019878,3.7415788396081426
2011-08-01T00:00:00+08:00,3481.104,17.036259184533527,40.833609855045815,34.904258348800404,47.279385907340014,44.61635210028096,2.5222767869311506,3.502768344001262,34.904258348800404,4.257530038561051,3.7664828277201
2011-07-29T00:00:00+08:00,3470.446,17.022400168934425,40.73654285595199,34.79442479697075,46.98200445726811,44.43990660269882,2.519249489787639,3.4841795429276825,34.79442479697075,4.240010088474786,3.743438405252744
2011-07-28T00:00:00+08:00,3491.167,17.099922385881776,41.13353861777713,35.13573784412198,47.92393208077934,44.92842932813784,2.5288500367970994,3.5136432466577374,35.13573784412198,4.2875263130149355,3.8170696415356535
2011-07-27T00:00:00+08:00,3511.529,17.18014547001586,41.33444334552359,35.334607635029165,48.347931063354956,45.211158733992555,2.5406144524724663,3.5272890222558795,35.334607635029165,4.292924182992565,3.805367373015276
2011-07-26T00:00:00+08:00,3471.906,17.02854761872449,40.737543739651336,34.838828113028555,47.64175765216807,44.15184164984574,2.517930849840694,3.4734090996058065,34.838828113028555,4.221714315726702,3.7365976001511623
2011-07-25T00:00:00+08:00,3458.394,16.947098098550846,40.58724211625952,34.717870768496496,47.3386391581073,44.04427154118463,2.505691816606536,3.4580370803310205,34.717870768496496,4.211496251974648,3.7103297921669096
2011-07-22T00:00:00+08:00,3586.674,17.48526390061381,42.31764920718255,36.17825901348791,48.92322268969998,45.963888537460946,2.585620547501712,3.607057445347241,36.17825901348791,4.391973542206442,3.868714972324284
2011-07-21T00:00:00+08:00,3573.986,17.455142981205917,42.15686518589265,36.0387679239933,48.71835047988869,45.647398945235494,2.5806993815777175,3.592398510014988,36.0387679239933,4.375464883282558,3.8275226128650695
2011-07-20T00:00:00+08:00,3616.388,17.632627939553522,42.708644940072574,36.52388611244611,49.66742144677986,46.273536743036814,2.6055081686256414,3.640180747583345,36.52388611244611,4.43524916339943,3.9005639611651852
2011-07-19T00:00:00+08:00,3616.539,17.636281683938442,42.64593883343229,36.47748187568937,49.188143574790665,46.132158108506204,2.606040401962639,3.634864868660878,36.47748187568937,4.426274449808056,3.8732631716932406
2011-07-18T00:00:00+08:00,3652.593,17.78863648391777,43.21015399922219,36.93578706572874,49.85043386606711,46.85158257074221,2.627917658880189,3.679266665587826,36.93578706572874,4.487216841579217,3.9387816717197444
2011-07-15T00:00:00+08:00,3655.582,17.806900012504613,43.247507541575644,36.95248637073625,49.887327148030124,46.90415231780739,2.6300158132876095,3.6810220649060086,36.95248637073625,4.483494163014621,3.950520113197923
2011-07-14T00:00:00+08:00,3635.623,17.729805556149376,42.987635154614516,36.73783950006193,49.63682137405208,46.38181216501226,2.617843514390252,3.656947329909665,36.73783950006193,4.434199109237235,3.909314104809825
2011-07-13T00:00:00+08:00,3614.835,17.618786890492338,42.5465012329776,36.364939687424204,49.000900926393236,45.79973508764763,2.6025479633888273,3.6195075805570394,36.364939687424204,4.38681864364463,3.8671399004669933
2011-07-12T00:00:00+08:00,3552.077,17.345314305761374,41.71811281832792,35.67804625198842,48.00838083388725,44.71863990448403,2.5620813535861378,3.5507475269921254,35.67804625198842,4.306047967586838,3.775263641141417
2011-07-11T00:00:00+08:00,3612.672,17.62859706190588,42.414352042339154,36.263809471115714,48.866878121864744,45.516614337467175,2.6039768627176643,3.6137490695358196,36.263809471115714,4.378658314524505,3.8451295603447067
2011-07-08T00:00:00+08:00,3596.059,17.57994058071802,42.11744981129498,36.01946506852214,48.31009595522126,45.03227616834083,2.5964536658075024,3.5869952287875995,36.01946506852214,4.330185541040146,3.804689754649208
2011-07-07T00:00:00+08:00,3593.652,17.56409288971512,42.1788755051438,36.06037322199407,48.33626127124239,44.96224253221164,2.59346254677957,3.5897676114475066,36.06037322199407,4.320849840557471,3.8193273281291606
2011-07-06T00:00:00+08:00,3601.898,17.62406084775182,42.17430780059488,36.042799298362375,48.02109268815587,44.762168322267286,2.6059364728558414,3.589453063791347,36.042799298362375,4.320324726187125,3.824535230227954
2011-07-05T00:00:00+08:00,3602.282,17.644373096536548,42.07086395627634,35.96068542455778,48.00987712077298,44.58310270604641,2.6097074258126045,3.578401607781549,35.96068542455778,4.298613257931863,3.7994276593301337
2011-07-04T00:00:00+08:00,3590.998,17.60956107016316,41.833078754401505,35.75828341985231,47.612068847639485,44.2776083055007,2.6037028962055087,3.5563882645466336,35.75828341985231,4.272279841597726,3.769577430418173
2011-07-01T00:00:00+08:00,3507.994,17.266332215839032,40.85507178298031,34.94873924942822,46.46927097891264,43.27357109854072,2.552683182612111,3.4784709323599894,34.94873924942822,4.158865765193192,3.6977239839677813
2011-06-30T00:00:00+08:00,3496.739,17.057483194875868,41.200491832412844,34.754940225105514,48.048559337726694,44.429880328614736,2.542550319631093,3.5387008235793505,34.754940225105514,4.285518849793198,3.83793198879088
2011-06-29T00:00:00+08:00,3446.54,16.83745148004075,40.574674417228685,34.24877894481665,47.37382347269232,43.837472825542626,2.509825312839972,3.4911609685501204,34.24877894481665,4.218807500204584,3.7872844697205315
2011-06-28T00:00:00+08:00,3492.893,17.01924554538499,41.107515765143106,34.678376412048635,48.27153779335287,44.21688953125801,2.535641057094942,3.5337614589613735,34.678376412048635,4.265550518419754,3.831143355316687
2011-06-27T00:00:00+08:00,3485.794,17.00660646070492,41.048405750902944,34.61535772182985,48.141765370646915,44.16719399586781,2.533438124968805,3.5257420398565893,34.61535772182985,4.26325110680734,3.83788080601632
2011-06-24T00:00:00+08:00,3460.726,16.908197665741177,40.6107859716497,34.24935848161069,47.28427130270465,43.92439271597245,2.518693042185759,3.4844451775599605,34.24935848161069,4.203461527999662,3.761829154991652
2011-06-23T00:00:00+08:00,3380.999,16.573319928736293,39.62860880543693,33.44860453063834,45.75589760635075,42.686529478660965,2.4567150725612477,3.4035132598222892,33.44860453063834,4.10189332047849,3.651622658479613
2011-06-22T00:00:00+08:00,3323.38,16.31368902994412,38.84266360408619,32.803978367571204,44.93382214846942,41.771690777210914,2.4160176266938604,3.3386978205605535,32.803978367571204,4.031150197374044,3.6120282236832417
2011-06-21T00:00:00+08:00,3326.553,16.29350302595446,38.92597886408507,32.872287614932404,45.11948470893565,41.9102201501323,2.412048401320009,3.3452411759216694,32.872287614932404,4.046550836384898,3.598641407907257
2011-06-20T00:00:00+08:00,3285.562,16.12488502118824,38.376606537735206,32.40654730920854,44.48320717654154,41.4460075951998,2.3867502174764974,3.300881408310733,32.40654730920854,4.008824511954162,3.56788997047706
2011-06-17T00:00:00+08:00,3315.636,16.267345947119818,38.771199848584665,32.75441595555692,45.14514889821598,42.06007998381475,2.4029762638031844,3.34036904017369,32.75441595555692,4.047995204905026,3.6071045119295855
2011-06-16T00:00:00+08:00,3353.318,16.390393380437292,39.23119327744075,33.138789566249464,45.80386232259159,42.39280854839262,2.4173473547754623,3.3830033510749398,33.138789566249464,4.108231487643157,3.6462057366149403
2011-06-15T00:00:00+08:00,3415.572,16.643235493932316,40.10885886302218,33.85937254534693,46.87520177281937,43.175059747341926,2.4528072895516884,3.4598555826473327,33.85937254534693,4.206164820480763,3.7628577980187923
2011-06-14T00:00:00+08:00,3448.501,16.79880662652907,40.61077685914209,34.25699526710168,47.160086490346295,43.758234015504456,2.4616332651383184,3.489014642112981,34.25699526710168,4.248901369164358,3.7953015851655425
2011-06-13T00:00:00+08:00,3397.93,16.613780138267003,39.96543986628171,33.721475839032614,46.51565786455781,42.88010950992049,2.4340777375087064,3.435530845951593,33.721475839032614,4.201184633534211,3.721228270563298
2011-06-10T00:00:00+08:00,3407.1,16.63831222926988,40.09148882962076,33.81295733899381,46.791689737916364,42.9985157299028,2.432931664431023,3.440450509272141,33.81295733899381,4.201042158166709,3.7270683344340068
2011-06-09T00:00:00+08:00,3397.602,16.634330847295665,40.0343992556701,33.77038042658591,46.754213393981644,42.98681789106557,2.422058829260316,3.4337579346541522,33.77038042658591,4.191898291762098,3.7234444444051276
2011-06-08T00:00:00+08:00,3468.075,16.90408423821233,40.926876831954125,34.51774033886976,48.08491864636438,44.2568450017548,2.460054463103433,3.510851948768028,34.51774033886976,4.27731391906948,3.801154593269403
2011-06-07T00:00:00+08:00,3458.145,16.864727723709034,40.783403262789875,34.39829386851403,47.97729367803899,44.095613065268296,2.4542853905870223,3.4968007592866974,34.39829386851403,4.262816811411367,3.781139699513668
2011-06-03T00:00:00+08:00,3432.729,16.761941260132613,40.510681094109955,34.15062997233023,47.4402001190541,43.85302964308036,2.438454430118407,3.46893487350182,34.15062997233023,4.206668759807499,3.7555875237857643
2011-06-02T00:00:00+08:00,3388.541,16.58917521313179,39.877177116166095,33.62313509531085,46.271372211481115,43.01674810658108,2.411921682421953,3.4140981146897027,33.62313509531085,4.12623090359998,3.6963225958109214
2011-06-01T00:00:00+08:00,3440.537,16.836787986257438,40.54412500604654,34.17860097570908,47.444372376303306,43.66472046381318,2.44776775012182,3.469549374210312,34.17860097570908,4.192502727492427,3.7259444823701307
2011-05-31T00:00:00+08:00,3423.782,16.80261770338974,40.20550132256412,33.88437720262675,46.54984148519338,43.081604876059714,2.435518230697059,3.4390789630107954,33.88437720262675,4.156886399608119,3.692492928111956
2011-05-30T00:00:00+08:00,3362.27,16.556806924130488,39.38659807351828,33.20674176147434,46.05002065321773,42.25935481985529,2.3999854687423863,3.3693846770256703,33.20674176147434,4.06552786171241,3.620212587735077
2011-05-27T00:00:00+08:00,3392.377,16.592598465164023,39.89081660532262,33.65737141805353,46.46599637322002,42.873867256553766,2.4061031075732395,3.419563795212123,33.65737141805353,4.127995075423869,3.6867658841195503
2011-05-26T00:00:00+08:00,3447.892,16.785111785479067,40.84490769180431,34.4937654202282,47.73293172299108,44.03422147002078,2.4335783245140936,3.51143048562789,34.4937654202282,4.272086327038406,3.7916016091196907
2011-05-25T00:00:00+08:00,3469.131,16.838662372359675,41.199824175856364,34.78149040738666,48.14273448743744,44.35814984410911,2.441258910793092,3.5393160709131513,34.78149040738666,4.294857815541554,3.837786880150431
2011-05-24T00:00:00+08:00,3510.264,17.018376094623964,41.83387543451542,35.297917537639904,48.98356186019516,44.96023644797105,2.4674844262885123,3.590651006363505,35.297917537639904,4.347079132728279,3.860891300425556
2011-05-23T00:00:00+08:00,3508.694,17.048448602893252,41.773197590241786,35.26818070532404,48.92900317838326,44.618087475460335,2.471668161825479,3.5817194472583704,35.26818070532404,4.341352695299776,3.877183220183859
2011-05-20T00:00:00+08:00,3631.619,17.584943694810274,43.41059524719003,36.6554913607823,50.210599817827344,46.7950185263481,2.549410678679066,3.725660857370922,36.6554913607823,4.507402471377583,4.014581409523646
2011-05-19T00:00:00+08:00,3635.841,17.59848091832541,43.55158098367175,36.77956955697626,50.440450486804835,46.959539392608264,2.5515673656716698,3.741088966945134,36.77956955697626,4.522621757360205,4.010529991877077
2011-05-18T00:00:00+08:00,3655.518,17.672930943477127,43.81619663739849,36.98970249757604,50.735970256537605,47.241088764131625,2.561905503494533,3.762084250980578,36.98970249757604,4.536101745237887,4.016927211701766
2011-05-17T00:00:00+08:00,3629.398,17.55927389274458,43.6232739170475,36.78984453540286,50.610037984996076,47.25842204607997,2.5453680411978152,3.747299594716091,36.78984453540286,4.504936524941534,4.002516397865578
2011-05-16T00:00:00+08:00,3627.76,17.550426812281703,43.734114364194006,36.91386082619684,50.70956016950369,47.37250956905033,2.5434141278798337,3.759045565028645,36.91386082619684,4.5276482192684995,4.0190094901004265
2011-05-13T00:00:00+08:00,3647.631,17.674728021928104,43.85808855311722,36.993216263259164,50.72547424017321,47.17239216897728,2.5601989223302986,3.7635709568918334,36.993216263259164,4.530022702958004,3.981097170304058
2011-05-12T00:00:00+08:00,3618.247,17.52536148089783,43.50868427807722,36.703573658814875,50.50917255801639,46.85895219529575,2.5385191662589714,3.734377680790538,36.703573658814875,4.508954103675769,3.976333750345488
2011-05-11T00:00:00+08:00,3669.307,17.768483596296996,44.19667568562027,37.234517453886326,51.235566179256004,47.589349326918835,2.5732598716737094,3.7889672129828296,37.234517453886326,4.587453719251234,4.038253576644422
2011-05-10T00:00:00+08:00,3672.021,17.79542948613358,44.096360463159215,37.148807841383366,50.96839895634562,47.625621538722115,2.576799103005289,3.780306465335361,37.148807841383366,4.556639050814586,4.033291937082834
2011-05-09T00:00:00+08:00,3645.969,17.685735743029973,43.83680313379604,36.927021827158036,50.7285779920372,47.52214104077892,2.560861386273701,3.7557441256424755,36.927021827158036,4.522566382080944,4.0138066934982275
2011-05-06T00:00:00+08:00,3627.419,17.628205391827603,43.52703270924151,36.672998689545125,50.310670606933854,47.1166644840437,2.552454786741223,3.7275896820950742,36.672998689545125,4.481019884385049,3.950917131990559
2011-05-05T00:00:00+08:00,3621.68,17.66207234675114,43.44758532369084,36.55760213514273,50.06233427973297,46.75769771182609,2.556282849725955,3.715950040181196,36.55760213514273,4.459329835330954,3.9401630260628657
2011-05-04T00:00:00+08:00,3617.758,17.61145390672584,43.286615949372475,36.41393296928,49.699458105572894,46.46085552023548,2.548899070068024,3.698256177663888,36.41393296928,4.433103191445419,3.9374609768559914
2011-05-03T00:00:00+08:00,3704.248,18.01390222784906,44.29655734544135,37.24980248483576,50.866074203000046,47.554301298645456,2.606792594866521,3.7771355595573866,37.24980248483576,4.508514169074623,4.038058984191897
2011-04-29T00:00:00+08:00,3665.819,17.985852623329098,44.16659140816894,36.929065226676805,50.104372801887536,47.12631522805758,2.5974610214276206,3.7242467617897694,36.929065226676805,4.457839453636157,3.9824690764279733
2011-04-28T00:00:00+08:00,3620.668,18.387743209824215,44.0606803887938,36.69249945469446,50.26158646469896,47.115444834765675,2.618816454721901,3.6769557511566178,36.69249945469446,4.409281759263918,3.9261590572185283
2011-04-27T00:00:00+08:00,3702.521,18.88532307302114,46.05029643475258,38.095426734479,52.321816852808496,49.56623021648463,2.6854829292786118,3.806469301413851,38.095426734479,4.563507386652375,4.081803038959865
2011-04-26T00:00:00+08:00,3734.637,19.0529232547494,48.01290484176535,38.935177736213085,53.36623036212257,50.54049189119084,2.704957355577249,3.8622905563032663,38.935177736213085,4.629697904213275,4.158425303067364
2011-04-25T00:00:00+08:00,3775.007,19.196480697120595,48.65645038291418,39.559004910410216,53.83088440628048,52.053753361931264,2.7384605987887354,3.9400211014518143,39.559004910410216,4.727088744080454,4.240152620815454
2011-04-22T00:00:00+08:00,3842.823,19.542745304384812,50.009670889149064,40.36992876095245,55.701664726887834,53.065822575510815,2.7858195210372667,4.037830341364356,40.36992876095245,4.851696936079398,4.34230573397854
2011-04-21T00:00:00+08:00,3863.048,19.694506147801704,50.71378972522554,40.818075966319554,56.48285209723354,53.69992613460517,2.805084208383872,4.068404634071347,40.818075966319554,4.879464911716767,4.398860255413723
2011-04-20T00:00:00+08:00,3837.607,19.58760550416671,50.30408022376123,40.68667990512755,56.47004162561712,53.549163742357614,2.789687883447091,4.041972675445351,40.68667990512755,4.842709444886257,4.357170206564425
2011-04-19T00:00:00+08:00,3826.113,19.5366339351891,50.138907935993004,40.66064755776594,56.77093169864983,53.578590392227774,2.7836272304918364,4.0260985757629655,40.66064755776594,4.822773714246757,4.334203117300492
2011-04-18T00:00:00+08:00,3886.017,19.90133912829795,51.025868085764834,41.31271359060342,57.075931895330825,54.246358354916744,2.8353503211881823,4.078530148516853,41.31271359060342,4.894986175861375,4.365517919821178
2011-04-15T00:00:00+08:00,3878.761,19.85671862194586,51.07671062964205,41.25368645466499,56.89298274447333,54.138342140676784,2.831215858295932,4.068269405804134,41.25368645466499,4.885103255927697,4.359164038553979
2011-04-14T00:00:00+08:00,3873.124,19.822592680063035,51.1968167977216,41.28515258864781,57.29149215124062,54.156933534626084,2.8267484107918213,4.069535349740271,41.28515258864781,4.8965100281974605,4.376864868873384
2011-04-13T00:00:00+08:00,3887.909,19.865199560264546,51.46476549087104,41.43925553260987,57.05298160177747,54.656026504017554,2.8325566902561214,4.079800086486478,41.43925553260987,4.907412752023207,4.402815554470146
2011-04-12T00:00:00+08:00,3841.72,19.655921056207642,50.678509221756165,40.89403120181533,56.66722093831324,53.7464936804968,2.8045861965449457,4.040538241471729,40.89403120181533,4.852114492653259,4.385345833818187
2011-04-11T00:00:00+08:00,3846.02,19.688688607536974,50.79797142633756,40.92373656035311,56.95023076106382,54.152891771056964,2.808224686550569,4.037353527926249,40.92373656035311,4.868915059233893,4.382536831986395
2011-04-08T00:00:00+08:00,3870.617,19.80991730538848,51.42021717971166,41.135816793827274,56.94393703110291,54.70312448571231,2.820244755678971,4.075897177195726,41.135816793827274,4.914543030723039,4.4328052609006505
2011-04-07T00:00:00+08:00,3833.132,19.665614377279308,51.452614449001565,40.89622692963252,56.85529789467333,54.26659348869007,2.799204774559885,4.043258284071123,40.89622692963252,4.8637151585922584,4.394328139766645
2011-04-06T00:00:00+08:00,3814.875,19.615595760258284,51.17033631720313,40.67358342792301,56.2135776738913,53.89670865780462,2.7919133870724915,4.019124362909157,40.67358342792301,4.845885401722263,4.353218345347462
2011-04-01T00:00:00+08:00,3790.167,19.480507189375075,51.148625954658414,40.662589108730614,56.53082520471045,54.23912797383696,2.7717134185119856,4.015125195316812,40.662589108730614,4.854500165513025,4.3545742020858835
2011-03-31T00:00:00+08:00,3737.716,19.285970079139968,50.61087424260907,40.07006626793143,55.92894946777751,53.72017088729753,2.7402477439716684,3.9662139543923636,40.07006626793143,4.784443285598399,4.309612953318191
2011-03-30T00:00:00+08:00,3779.121,19.614326775348825,51.27769365991367,40.508234000152484,56.155801657635,53.97560906093994,2.7793835720813354,4.01995953993678,40.508234000152484,4.822537118363472,4.350555185603175
2011-03-29T00:00:00+08:00,3793.728,19.913170621615674,51.98499745097165,40.985434287903544,57.65964250536154,54.53412001652982,2.794545106088819,4.059985151642568,40.985434287903544,4.894391912737828,4.415456215348528
2011-03-28T00:00:00+08:00,3841.937,20.205343665235652,53.47372887942109,41.57047376575277,58.48598555681556,56.181712805422364,2.8294979425747564,4.123549223626816,41.57047376575277,4.976873824661115,4.514370850322141
2011-03-25T00:00:00+08:00,3848.789,20.431263252337384,54.53505978592527,41.819983210533444,58.70529449649706,56.80494644126655,2.860580614716364,4.136899196085359,41.819983210533444,5.038879737872937,4.534622031259178
2011-03-24T00:00:00+08:00,3808.205,20.328087322818483,54.159443442446246,41.528980726362114,58.450628905450365,57.022535582076216,2.844455752297199,4.110944798655087,41.528980726362114,5.029178551842369,4.517613735195098
2011-03-23T00:00:00+08:00,3813.223,20.34365277038649,54.24483604155468,41.55563582332227,58.52601616000518,56.70953833734584,2.8464501134130837,4.107690178546806,41.55563582332227,5.007450500503452,4.522749637268184
2011-03-22T00:00:00+08:00,3765.03,20.08866805958936,53.58275206525978,40.98004837893557,57.71684196815939,56.161086916589355,2.8189377372947884,4.059629807853522,40.98004837893557,4.959386092345446,4.452927151325508
2011-03-21T00:00:00+08:00,3754.416,20.050289653358327,53.749522898966084,41.066425378337854,58.128885599931344,56.535518225905804,2.8129030426448156,4.065623812299818,41.066425378337854,4.960390072731051,4.462261639934616
2011-03-18T00:00:00+08:00,3770.427,20.103636397831362,58.288837463135664,41.165364844222246,58.44073045372619,56.57323103199241,2.8170574614414003,4.118473668890986,41.165364844222246,5.0028945624079055,4.476415203868239
2011-03-17T00:00:00+08:00,3749.132,20.316559203898898,58.33664301054712,40.86888905667727,57.920562786297026,56.530933343964286,2.819605624363291,4.096337208284651,40.86888905667727,4.984051611497079,4.47286700852693
2011-03-16T00:00:00+08:00,3813.219,20.576663425693614,59.67464617217002,41.63499233949617,59.29836357201586,57.74718719330273,2.8563377540932016,4.174608082693499,41.63499233949617,5.079208437043593,4.587926891453045
2011-03-15T00:00:00+08:00,3762.91,20.361319605916457,59.13160936181998,41.283756877163825,58.644988964385796,57.22655491552694,2.8234068132359074,4.125922558179462,41.283756877163825,5.035680372535164,4.5398522512919115
2011-03-14T00:00:00+08:00,3820.495,20.694874163270274,61.29727747988477,42.0856850100026,59.43299386752929,58.06144868458505,2.864233642920215,4.1803331801722265,42.0856850100026,5.1017495683096135,4.57356567914984
2011-03-11T00:00:00+08:00,3794.69,20.645778247135485,61.10170630014029,41.811449052610385,58.815282861026645,57.68605216991906,2.8569831583636347,4.146431289146671,41.811449052610385,5.062131312971155,4.5333577054963605
2011-03-10T00:00:00+08:00,3818.756,20.77807006784641,61.46413407385154,41.98254830689994,58.88249164540686,57.42095465843472,2.875991889987854,4.157082220799873,41.98254830689994,5.062912645499152,4.543272368452423
2011-03-09T00:00:00+08:00,3868.732,21.03956605099972,61.89733648633247,42.1876832083697,59.41613433251684,57.89591952238316,2.9164436961040754,4.1953342670919636,42.1876832083697,5.093287446626994,4.575853264370662
2011-03-08T00:00:00+08:00,3862.655,21.02840327578107,61.942487051777626,42.08820382754972,59.45867523044004,57.724636536990864,2.9126484020108645,4.1861175353847395,42.08820382754972,5.088256538486192,4.565359433912937
2011-03-07T00:00:00+08:00,3852.048,21.024767819198726,61.803713756890545,41.95669823671382,59.00524448033465,57.58022542976331,2.909736685338891,4.172283098950953,41.95669823671382,5.057504269071624,4.543632665998501
2011-03-04T00:00:00+08:00,3789.42,20.701898022132813,61.66576028924936,41.74267090865872,58.405115450346386,56.83250216923197,2.862732945982137,4.126848065554451,41.74267090865872,4.996481590655027,4.493869394142698
2011-03-03T00:00:00+08:00,3738.289,20.452357553754034,60.691681041675466,41.12022240029201,57.88196182822988,56.45383824367889,2.827451395336904,4.07368928206541,41.12022240029201,4.941089688488142,4.439862028115287
2011-03-02T00:00:00+08:00,3780.556,20.567750507219426,61.582090654373424,41.63447312871019,58.94959497839364,57.87312246046149,2.8442449212981136,4.131737636345589,41.63447312871019,5.040304875566189,4.506188076996357
2011-03-01T00:00:00+08:00,3792.093,20.617700438680792,62.040593441512684,41.70865152802137,58.950704300262295,57.88745879334141,2.8499795640772656,4.142849103534784,41.70865152802137,5.052208391950882,4.525766834523629
2011-02-28T00:00:00+08:00,3774.153,20.571269024261575,62.09741209406258,41.534984062674994,58.774900670455644,57.92728538874224,2.8392662425767408,4.126726435087822,41.534984062674994,5.035655068025106,4.49719056406097
2011-02-25T00:00:00+08:00,3725.679,20.404397306998327,61.53671631510432,40.959255325747925,58.33756147739465,57.39890537382304,2.8153867544963362,4.080394909304263,40.959255325747925,4.971289851739296,4.4349821077137515
2011-02-24T00:00:00+08:00,3719.314,20.3955880900276,61.54394431125404,40.9211561672561,58.26676690706586,57.46139569402915,2.8141613051118592,4.077592121118629,40.9211561672561,4.974836226637093,4.447001635838284
2011-02-23T00:00:00+08:00,3696.698,20.29797326389685,61.12875784312495,40.6459449333629,57.93225956069337,56.90976629536647,2.800748330916201,4.04677764639556,40.6459449333629,4.9482457127882995,4.448961253930934
2011-02-22T00:00:00+08:00,3669.537,20.222458825661782,60.54649210257355,40.25506169785483,57.12688974853297,56.47516487978858,2.790162680674938,4.001846305371115,40.25506169785483,4.880416975762296,4.37501567232169
2011-02-21T00:00:00+08:00,3773.695,20.76665698564665,62.72391050791194,41.381919852326696,58.46571823353851,57.93435277491455,2.8644124244054554,4.117764992111257,41.381919852326696,5.027027640996943,4.504438702975288
2011-02-18T00:00:00+08:00,3712.299,20.510323045874888,61.515430340493744,40.64257545058669,57.377930338015375,56.45618212012647,2.828955452195783,4.045075684416485,40.64257545058669,4.932270277675532,4.421219214894923
2011-02-17T00:00:00+08:00,3748.309,20.698971626752066,62.361531466871824,40.96493656569876,58.18339712959565,57.33553653260488,2.855371129041721,4.0845988835176446,40.96493656569876,4.955123857440278,4.480759826942076
2011-02-16T00:00:00+08:00,3740.295,20.674462859533385,62.30818651801562,40.89400818369668,58.02284258393397,57.24214745212273,2.85201167232331,4.072074916686816,40.89400818369668,4.94130562275053,4.472636759803064
2011-02-15T00:00:00+08:00,3693.804,20.474205994824374,61.209856206960694,40.22359770237758,56.926756684997606,56.130320089422085,2.8239915739143804,4.006813007886979,40.22359770237758,4.855474738684007,4.411429328701234
2011-02-14T00:00:00+08:00,3693.83,20.454600284769427,61.32706069107906,40.27212534557962,56.732023323047194,55.966724912597925,2.8257596865499175,4.009231247170204,40.27212534557962,4.843174276696628,4.411704052250777
2011-02-11T00:00:00+08:00,3601.834,19.962370991803027,59.79468345962025,39.45099989585216,55.798782618658045,55.31303358967283,2.7577865068883782,3.9351683678304394,39.45099989585216,4.75668231702355,4.325652974834752
2011-02-10T00:00:00+08:00,3574.733,19.85440926311141,59.06764558975846,39.04326109360081,55.22536969291814,54.864554963735706,2.7429818649370974,3.896431529042739,39.04326109360081,4.709605109443277,4.3024585365055055
2011-02-09T00:00:00+08:00,3492.891,19.486299086332284,57.23614668986298,38.013386714363826,53.53486730934417,52.82582673072397,2.6921256784939205,3.7949327465636347,38.013386714363826,4.581229084750651,4.187454539251963
2011-02-01T00:00:00+08:00,3522.85,19.664815622267867,57.912733130053304,38.32990076245612,53.85923514629259,53.34890466065469,2.716956226278039,3.8184941061240565,38.32990076245612,4.597997655101052,4.186055954597728
2011-01-31T00:00:00+08:00,3518.07,19.628891532672576,58.18971562545185,38.35008355326784,53.59754228024233,53.290808239358256,2.71123741408426,3.817026307345616,38.35008355326784,4.588361154480891,4.194103970919359
2011-01-28T00:00:00+08:00,3471.969,19.390530376454855,57.594120441284005,37.90410543277411,53.068708158742815,52.88923837431133,2.676044545509855,3.773163604151306,37.90410543277411,4.520233379240353,4.146437657286723
2011-01-27T00:00:00+08:00,3450.206,19.33922286326634,57.15993618661175,37.56656772178369,52.72626561840707,52.48294396995845,2.670404430288758,3.7453267796893135,37.56656772178369,4.4690518954142,4.10339911279774
2011-01-26T00:00:00+08:00,3394.795,19.050713361704915,56.31132726125226,37.066683185265575,51.924612456737755,51.29077989668417,2.630381724020815,3.6965167361880513,37.066683185265575,4.4085149649920625,4.03833341774165
2011-01-25T00:00:00+08:00,3343.786,18.823970257879015,55.3484188714567,36.52737020304903,51.039236087252675,50.78566379356595,2.5991106393755175,3.6420742999643028,36.52737020304903,4.348210924276245,3.955668153916885
2011-01-24T00:00:00+08:00,3375.646,18.97216245186712,55.8729096402883,36.92528599939801,51.92584168358166,51.35975536953855,2.6194572570766557,3.6858857108918732,36.92528599939801,4.415403032094457,4.040353642340268
2011-01-21T00:00:00+08:00,3427.489,19.20672994880791,57.04065764755403,37.6037788748613,53.07547925277457,52.90516660309604,2.6506895483720396,3.74715144431248,37.6037788748613,4.519011514917508,4.115905993211743
2011-01-20T00:00:00+08:00,3391.508,18.979683068614847,56.28510071654679,37.21066936060607,52.683727953348374,52.67701719118915,2.619488427950662,3.709218504865482,37.21066936060607,4.490660251420021,4.081520704949899
2011-01-19T00:00:00+08:00,3509.175,19.56915176824929,58.760704495040635,38.55685149236382,54.600340656586155,54.65150821574455,2.700656294193588,3.84303935664442,38.55685149236382,4.6554553341238565,4.240723664107396
2011-01-18T00:00:00+08:00,3429.723,19.20568105690509,57.32080090055765,37.74108422488318,53.441875878926204,53.39816015488482,2.6511969134478868,3.7644601780058142,37.74108422488318,4.538663676871322,4.150292451955898
2011-01-17T00:00:00+08:00,3421.591,19.177541825196325,57.195854394814496,37.64353546971122,53.361375979314175,53.2604258823277,2.647333859077643,3.752677923599056,37.64353546971122,4.528712603002967,4.126494206706308
2011-01-14T00:00:00+08:00,3562.683,19.85060571660879,60.19898871032264,39.28437119246918,55.797783586810475,55.435396280848316,2.740371636012216,3.9151731057812778,39.28437119246918,4.716477211492229,4.29369413404449
2011-01-13T00:00:00+08:00,3626.512,20.135930583650158,61.602560368632325,40.027063029097036,57.1150479806328,56.51843073594855,2.7803079232210135,3.996674444722212,40.027063029097036,4.840153120799112,4.40374983934957
2011-01-12T00:00:00+08:00,3628.088,20.087742812896796,61.78006042617414,40.08135966559819,56.86983167717925,56.76584579158869,2.774272367304163,4.006666431150145,40.08135966559819,4.842917867721643,4.414164169946515
2011-01-11T00:00:00+08:00,3607.074,19.976537845012935,61.30735437008979,39.77265834813078,56.614922770662474,56.29580368009553,2.759187060208085,3.977761170759449,39.77265834813078,4.831689327936138,4.374946224892972
2011-01-10T00:00:00+08:00,3605.544,19.937157227764505,61.51124873200553,39.868120950858334,57.24088415464247,57.04807123081022,2.7536774542038285,3.995099048932407,39.868120950858334,4.872986033127047,4.417827317355527
2011-01-07T00:00:00+08:00,3687.252,20.311936040937503,63.5707878777992,40.78482669540348,58.817417442037566,58.99356136329843,2.8051691880287204,4.0914493554294955,40.78482669540348,4.991606341856512,4.533085857006705
2011-01-06T00:00:00+08:00,3691.124,20.252995280087102,63.77126232583178,40.824269924930974,59.40153831199051,59.17072400920261,2.7971041807727897,4.101294042959813,40.824269924930974,5.009895212913985,4.588391747279175
2011-01-05T00:00:00+08:00,3709.431,20.37540931362677,64.18805161743522,40.98564942300353,59.51797789102261,59.62429126080288,2.814977089317748,4.115514999897772,40.98564942300353,5.048122880276147,4.580110191373075
2011-01-04T00:00:00+08:00,3715.531,20.455652621073455,64.11921611443874,40.952633676287356,59.713631969431596,59.80489274882781,2.826363679051292,4.113165552331196,40.952633676287356,5.049822524867232,4.586075928113342
2010-12-31T00:00:00+08:00,3652.168,20.28955805631299,63.649288979736674,39.121879209405556,58.326251312153005,58.34878558599927,2.8177857150747867,4.063650960047161,39.121879209405556,5.089105902777349,4.5641225672578525
2010-12-30T00:00:00+08:00,3575.238,19.89803771443118,62.06611181196996,38.331835938391905,57.192679597719255,57.24830036592843,2.765037198881221,3.9844253523492257,38.331835938391905,4.957964446387324,4.449179139617035
2010-12-29T00:00:00+08:00,3567.783,19.81678976000717,62.066847609244526,38.26481833076751,56.89852495655346,56.58610755140349,2.755918345458399,3.9888246036070085,38.26481833076751,4.943667305124959,4.434629731696541
2010-12-28T00:00:00+08:00,3531.295,19.647044904182387,60.98250729748806,37.774428299079695,55.91406572498576,55.5725362579269,2.7348609912752275,3.9380994431370646,37.774428299079695,4.86312691984921,4.3743129713391085
2010-12-27T00:00:00+08:00,3602.289,19.99422697548988,62.41822675813307,38.617450190644945,56.72832787300905,56.871277708816834,2.784278628542489,4.032642548003993,38.617450190644945,4.968852626728236,4.497636944464514
2010-12-24T00:00:00+08:00,3688.429,20.39680623398837,64.40396237636654,39.65068023101977,58.6719220998471,58.58956135494589,2.8404258800911215,4.146038123518732,39.65068023101977,5.114077736630222,4.635102712793208
2010-12-23T00:00:00+08:00,3731.454,20.595526207591945,65.43092770543574,40.16310170007869,59.943281615514614,59.88445858238736,2.8687665238660527,4.206263459730783,40.16310170007869,5.228253788234736,4.7123067188997805
2010-12-22T00:00:00+08:00,3780.46,20.774202009341334,66.56520993409202,40.722657769941634,61.140639945005006,61.25089176820539,2.899073439627723,4.27748024448891,40.722657769941634,5.328267014506672,4.784085570229598
2010-12-21T00:00:00+08:00,3816.779,20.950392859013096,67.334053340302,41.07281528371105,61.64607746539263,61.55353701222759,2.923847888396737,4.314213853143494,41.07281528371105,5.359546682422079,4.8326177335276235
2010-12-20T00:00:00+08:00,3750.679,20.59773793935945,65.85422188080315,40.34778315743857,61.11255547465672,61.26150454106755,2.8754606298989023,4.248038864079884,40.34778315743857,5.324247113181585,4.771299686163661
2010-12-17T00:00:00+08:00,3802.809,20.885972112878672,66.97521265205496,40.93472007731913,61.892559885631876,61.89401183530029,2.9156983502054734,4.3118911062135945,40.93472007731913,5.374603915551175,4.822266685222631
2010-12-16T00:00:00+08:00,3804.384,20.913527931003564,66.86548241485636,40.86681392636434,61.746115159920706,61.795918468248615,2.920087716613613,4.304229022692751,40.86681392636434,5.355796781089306,4.795155059528159
2010-12-15T00:00:00+08:00,3818.617,20.981368520884597,66.93195768756202,40.87490316978089,61.57361402645868,61.41738663557368,2.9298546005747728,4.306617419259092,40.87490316978089,5.390316223464745,4.796992626859609
2010-12-14T00:00:00+08:00,3837.363,21.094665358257487,67.28012144074633,41.03084948671541,61.7054875102523,61.78447321198291,2.9456754589652596,4.322209345771194,41.03084948671541,5.400621274237345,4.790528734921155
2010-12-13T00:00:00+08:00,3812.638,21.007393339503057,66.29150981848453,40.534181371107465,60.890844402262225,60.64468390037946,2.9357213062334764,4.277269418422039,40.534181371107465,5.302673503073531,4.746790657541351
2010-12-10T00:00:00+08:00,3701.414,20.41215156740874,63.98378305350754,39.38413452216499,58.921595471356184,59.12035848386592,2.855355511642452,4.161784673286822,39.38413452216499,5.162152231202061,4.606384507006536
2010-12-09T00:00:00+08:00,3654.54,20.169493043941703,63.0764020765251,38.92374474567726,58.13362747700329,58.303580437565884,2.824218830854886,4.114209724287405,38.92374474567726,5.095914738089668,4.550228337090997
2010-12-08T00:00:00+08:00,3718.654,20.47721829154675,64.66521287198613,39.6646030880952,59.199743661919996,59.456608611883574,2.867212693363391,4.193371814088716,39.6646030880952,5.20643281501216,4.653795358104658
2010-12-07T00:00:00+08:00,3741.368,20.637399480866076,65.03011077232375,39.83876197635532,59.31920265092704,59.32291589162101,2.8901386846667507,4.2152341168687135,39.83876197635532,5.229091864642489,4.650357315945074
2010-12-06T00:00:00+08:00,3696.287,20.446596306306365,64.01305658016905,39.36564497870226,58.52790887350438,58.119551366426904,2.8637244984798773,4.1678658666701365,39.36564497870226,5.1634202415277635,4.5953241460326595
2010-12-03T00:00:00+08:00,3713.282,20.42118377069229,64.6852151655366,39.75435284021732,59.77247424569634,59.234423382856065,2.86016525078122,4.216285456897948,39.75435284021732,5.237218529329776,4.676319961858083
2010-12-02T00:00:00+08:00,3722.495,20.453825916575497,64.9832117412329,39.89779911325129,60.237096169207916,60.069251375396185,2.8646821329930767,4.237227363436267,39.89779911325129,5.2632303690260684,4.709865658108366
2010-12-01T00:00:00+08:00,3702.453,20.29661720473939,64.53940996128102,39.63986116592368,59.96290830972087,59.61425407771012,2.842873797542265,4.207345165261047,39.63986116592368,5.228166803169459,4.686414967524305
2010-11-30T00:00:00+08:00,3701.815,20.284107676262362,64.48400347608643,39.5952351368167,59.894549962500285,59.70790426915369,2.841407937378355,4.19651881803005,39.5952351368167,5.224806587427682,4.67838335635947
2010-11-29T00:00:00+08:00,3780.912,20.66275421541191,66.26726441436587,40.5914961474391,61.681299835310796,61.191322500141915,2.894448933759359,4.312471881077062,40.5914961474391,5.373318393264425,4.826963740389571
2010-11-26T00:00:00+08:00,3778.268,20.66156651938316,66.21789806542986,40.544603171984136,61.377732807801166,60.57242696486253,2.893741513920841,4.298209677300396,40.544603171984136,5.35570065173974,4.809479438950838
2010-11-25T00:00:00+08:00,3805.276,20.83289621767441,66.88237414852478,40.81203407182859,61.71686121722462,60.99921441617718,2.9177369771903727,4.327441626952662,40.81203407182859,5.373536076807754,4.81452666556331
2010-11-24T00:00:00+08:00,3759.738,20.614818805594783,66.11098979065086,40.35804330197429,61.43176164350352,61.21369783383359,2.8876624497943673,4.280100591586019,40.35804330197429,5.340195482318445,4.7705820130807535
2010-11-23T00:00:00+08:00,3668.448,20.281866940687966,64.20447994311183,39.4082316750233,60.15799526948993,59.59750531657294,2.852639789038184,4.184729411617529,39.4082316750233,5.232296807792132,4.650403896210344
2010-11-22T00:00:00+08:00,3736.314,20.633397500824074,65.33616356938794,40.034417329422,60.53992745048157,59.87439067266932,2.9024231412160515,4.2566361136037365,40.034417329422,5.293380803017735,4.714095139446264
2010-11-19T00:00:00+08:00,3718.198,20.604869398768507,64.64954503889172,39.65963064301056,59.5830796205724,58.66590073530999,2.8984101994030667,4.2140568969673655,39.65963064301056,5.211465479646079,4.653266622190191
2010-11-18T00:00:00+08:00,3652.742,20.34864220490746,63.01829101143359,38.83746584787896,57.700210420050254,56.3575914683196,2.862367674811611,4.123824152339583,38.83746584787896,5.055172970697932,4.521248973369373
2010-11-17T00:00:00+08:00,3600.781,20.109383577341553,61.96649818343655,38.29970693080477,56.76698800988294,55.800060740665685,2.8287120552093796,4.069590319559167,38.29970693080477,4.980259803122162,4.462982472328786
2010-11-16T00:00:00+08:00,3704.685,20.570747238084305,63.93366525140403,39.358592243064074,59.09108519442436,57.92175073539404,2.893610362209741,4.185972803918873,39.358592243064074,5.166054737861004,4.604888680275904
2010-11-15T00:00:00+08:00,3856.257,21.413198397961537,66.65433260141513,40.74108779792504,60.67865651655412,59.17044500418264,3.0124139444374047,4.327875224862017,40.74108779792504,5.330408928239463,4.751550031923163
2010-11-12T00:00:00+08:00,3797.948,21.1274148012054,64.78037725386439,39.87039851293187,58.834233042190164,57.156296869302885,2.9728833668794414,4.22871596720046,39.87039851293187,5.184047940607329,4.615047631901394
2010-11-11T00:00:00+08:00,4048.106,22.289136356469122,70.30043030337787,42.61844188921601,63.01531408537478,61.1077941196278,3.1383019640449077,4.522312047226783,42.61844188921601,5.531979742095691,4.933785404868061
2010-11-10T00:00:00+08:00,4054.479,22.107723957877013,70.76715324595696,42.86529703154074,63.33427392230901,61.97327499441788,3.1260808255254195,4.559277883057329,42.86529703154074,5.586196420266982,4.991514368922418
2010-11-09T00:00:00+08:00,4064.703,22.162987878911228,70.85850627027202,42.929491763771665,62.7006613615623,61.35460322088775,3.133880471656504,4.5582759038705065,42.929491763771665,5.532920187380102,4.939006424301239
2010-11-08T00:00:00+08:00,4071.824,22.256298727488396,70.91300600030222,42.8647879408373,62.06527650713558,60.7102678175043,3.1470747687317617,4.551773217079986,42.8647879408373,5.51445810443716,4.910130826660055
2010-11-05T00:00:00+08:00,4018.234,22.02091045138688,69.30213540723858,41.985982785102635,60.51821705606172,59.18811487379433,3.113754531517657,4.452997307893852,41.985982785102635,5.3938611067476,4.819728814096503
2010-11-04T00:00:00+08:00,3966.447,21.727452476259455,68.11277546735064,41.389309542270674,59.64491712948074,58.23454156899529,3.0774542323604925,4.38997050936891,41.389309542270674,5.3187489025024295,4.733639456375891
2010-11-03T00:00:00+08:00,3889.061,21.32254368681299,66.6436323001723,40.648723037499074,58.56239079202211,56.74082499328739,3.020010869846197,4.307148592306152,40.648723037499074,5.211451264107317,4.6497277582592815
2010-11-02T00:00:00+08:00,3940.284,21.505527623765012,67.91661089803009,41.18835531233081,59.90663136976373,57.56040879167199,3.046013085073619,4.361741618714357,41.18835531233081,5.278021301399108,4.731170053784615
2010-11-01T00:00:00+08:00,3953.594,21.580565064965523,68.37070234228902,41.325885021118864,60.519302026237014,57.70357463347423,3.0575844975585267,4.373784489008054,41.325885021118864,5.330589218095452,4.759779962172939
2010-10-29T00:00:00+08:00,3846.181,21.25807919502836,65.92635578128291,40.35486758253209,58.68718848784166,56.512404576551766,3.0376924673665,4.285073190114874,40.35486758253209,5.183270649744174,4.653448413105384
2010-10-28T00:00:00+08:00,3842.25,21.83868934173614,66.42444540464703,40.51033188364342,57.86690771251397,56.59789605844648,3.0916257080209055,4.277653218313835,40.51033188364342,5.142379937733029,4.6141469538592395
2010-10-27T00:00:00+08:00,3844.398,22.168458115102286,66.75174054897508,40.55787899032762,57.73610209633102,56.92742943395345,3.129612808236356,4.284485142417094,40.55787899032762,5.139443606012551,4.579336720247105
2010-10-26T00:00:00+08:00,3900.682,22.544111167309538,67.89887136245387,41.15339198877273,58.739520718280595,57.55885241728967,3.181244323670919,4.330923754726828,41.15339198877273,5.211402509220579,4.662674605800771
2010-10-25T00:00:00+08:00,3899.028,22.664068332656804,68.0032383368981,41.13078987387504,58.69518946677218,57.68793247376001,3.1926105398763878,4.321483244720618,41.13078987387504,5.188294754566091,4.663151867750192
2010-10-22T00:00:00+08:00,3791.903,22.14480225159985,66.93205118960671,40.68757928143097,57.51149423771098,56.74213603204761,3.1180634415882293,4.2461721833402795,40.68757928143097,5.108514328059353,4.552842497929888
2010-10-21T00:00:00+08:00,3774.813,22.153734661714335,66.69138328455632,40.45674986494963,57.5391403965764,56.16374192035577,3.1203722281749937,4.224419347685895,40.45674986494963,5.081864964310119,4.51711615011101
2010-10-20T00:00:00+08:00,3778.904,22.228587872951078,66.70498246061975,40.29162193386164,57.38251543603305,56.07143947237881,3.1314888363243103,4.206003383055371,40.29162193386164,5.0488221101842194,4.512096905595893
2010-10-19T00:00:00+08:00,3758.122,22.166641528152596,66.78395101809757,40.36124920189966,57.301387621314575,55.94182471269944,3.1249348512253925,4.222652718318677,40.36124920189966,5.027998940920071,4.477079526193981
2010-10-18T00:00:00+08:00,3667.066,21.74409946529661,64.76923267097936,39.29658449902275,55.23773984825122,53.84671040178315,3.06582049709422,4.114592731054708,39.29658449902275,4.861846990533578,4.323359652405404
2010-10-15T00:00:00+08:00,3700.673,21.911117733205177,65.21573319866418,39.54815672383762,55.48472925630431,54.80102077611984,3.0889513487642026,4.137054255444074,39.54815672383762,4.9551736853729516,4.378537098152631
2010-10-14T00:00:00+08:00,3628.323,21.342553414611785,64.61347916863933,39.30260553592157,56.07292935692429,54.927697919870916,3.012359354560033,4.125112309615199,39.30260553592157,4.974640064994107,4.393897777802303
2010-10-13T00:00:00+08:00,3667.776,21.308137865672226,66.25019952996706,40.23753877172431,57.629087533869495,56.977459575036455,3.0203417870620917,4.235221681952418,40.23753877172431,5.130183184444235,4.515579128251728
2010-10-12T00:00:00+08:00,3629.271,21.14352663625276,65.1009139335956,39.767208312886574,57.28115732551388,56.27374725293823,2.9998166871283938,4.2014437274735625,39.767208312886574,5.104761871499034,4.500039070879439
2010-10-11T00:00:00+08:00,3595.386,20.90796566061185,64.45766823049694,39.467779569087284,57.18403880888454,56.1513029887999,2.9664967292890108,4.173961015387642,39.467779569087284,5.04779800147238,4.486645343367002
2010-10-08T00:00:00+08:00,3528.451,20.46489379839066,63.189949769591514,38.87903057749669,56.804200994158315,56.028315702506724,2.9036278742804265,4.115378289441212,38.87903057749669,5.037675060949721,4.447121550691222
2010-09-30T00:00:00+08:00,3420.955,19.841479567507466,61.25984579236849,37.89928195265819,55.37210796802732,54.6397195936675,2.8151744571393427,4.016014930600965,37.89928195265819,4.907239409727977,4.362836141106387
2010-09-29T00:00:00+08:00,3358.65,19.520364595161297,60.01366381664665,37.255964458480506,54.53475589022586,53.82523326427777,2.769899526565843,3.956025090342767,37.255964458480506,4.837651639395113,4.304779409492341
2010-09-28T00:00:00+08:00,3380.643,19.560000949429636,60.72165980949893,37.635876469291404,54.91245050384388,54.778752890369205,2.77618054237962,4.002241343036396,37.635876469291404,4.905458537480158,4.355622960131882
2010-09-27T00:00:00+08:00,3402.622,19.678420415796356,61.582850188671465,37.98655503562531,55.43277910841875,54.91751341952178,2.7932188424093694,4.037548524299002,37.98655503562531,4.9203842594206595,4.385502766228873
2010-09-21T00:00:00+08:00,3333.738,19.36535612915127,60.1013361578197,37.20031128961991,54.07676288528838,53.56130148295176,2.7487814817941696,3.951764326153633,37.20031128961991,4.799648219318567,4.259402443357508
2010-09-20T00:00:00+08:00,3331.836,19.33679283929163,60.303020838374515,37.24057978578565,54.31769903949091,53.8297108096837,2.744933979875857,3.9585800935234126,37.24057978578565,4.859156930003586,4.309565349546259
2010-09-17T00:00:00+08:00,3355.767,19.428634817156574,61.193948671321515,37.62211323341537,55.12610830470688,54.39855311415366,2.7582175649675422,4.0042095494469505,37.62211323341537,4.91398440954432,4.339618331975069
2010-09-16T00:00:00+08:00,3353.931,19.43546615658421,61.299406563475856,37.64830506857636,55.06158740195019,54.43570096494025,2.7592524255588216,4.0110007009913815,37.64830506857636,4.901682409498065,4.360401406030261
2010-09-15T00:00:00+08:00,3426.308,19.823746760779112,62.8068006323982,38.53688874490983,56.736674937532754,56.00212304273667,2.8054023806083133,4.1102272816259005,38.53688874490983,5.049607989317139,4.459823773243767
2010-09-14T00:00:00+08:00,3486.028,20.12716594256133,64.17904236667496,39.20289139986656,57.93504864409292,57.044774571878456,2.8483170475896924,4.180229762546154,39.20289139986656,5.133030791646089,4.5677498212539795
2010-09-13T00:00:00+08:00,3479.449,20.120787662484545,64.14700376326812,39.15191200820044,57.66442249773501,57.12198517042231,2.848276959598035,4.178475678176584,39.15191200820044,5.119826611556934,4.544069241879771
2010-09-10T00:00:00+08:00,3434.13,19.904910530666314,62.96578473279762,38.51958698522255,56.85923326114415,56.28583837877936,2.8140135119686764,4.114536196825237,38.51958698522255,5.0126825378579305,4.4511970031182635
2010-09-09T00:00:00+08:00,3415.419,19.837969049164776,62.716726586595136,38.30906575234163,56.18149020049987,55.83957991171786,2.804548060044261,4.086160929831162,38.30906575234163,4.967101055191514,4.40850830618493
2010-09-08T00:00:00+08:00,3471.414,20.12509357436301,64.12681413285601,38.99658331565204,56.599434538861786,56.43045766534246,2.8447606809991695,4.157749361852028,38.99658331565204,5.037121192732858,4.479758880560135
2010-09-07T00:00:00+08:00,3460.921,20.11359931501292,63.915685321473525,38.84614987717262,56.00104641984784,55.767029392659985,2.843128508740553,4.1403001812413684,38.84614987717262,4.969293222506833,4.450126891355552
2010-09-06T00:00:00+08:00,3446.497,20.069223710286586,63.52640977515596,38.60723668828824,55.71871068034405,55.36613212666573,2.836855859827046,4.108969219634148,38.60723668828824,4.953063629481834,4.427772104612128
2010-09-03T00:00:00+08:00,3411.982,19.832609814749016,63.10589323071869,38.3826686807485,56.516545567929114,55.844236254474595,2.80340964756881,4.091418619775684,38.3826686807485,4.964777262496751,4.433577489681637
2010-09-02T00:00:00+08:00,3401.521,19.819367177494378,63.033397563095114,38.22173807380917,55.85806973888108,55.03438907240515,2.8010272653602035,4.067456202749788,38.22173807380917,4.924879387814543,4.430673480431929
2010-09-01T00:00:00+08:00,3347.765,19.589075779164784,61.66020595596486,37.53363055290856,54.68054260253335,53.98754182061286,2.769370475609119,3.990396209101699,37.53363055290856,4.822736441677586,4.348136489365735
2010-08-31T00:00:00+08:00,3378.093,19.735539712209007,62.30564989390403,38.003483727376015,55.64670608861282,54.71332689824092,2.791010215358042,4.038389194834373,38.003483727376015,4.896272396428764,4.385243216299353
2010-08-30T00:00:00+08:00,3374.498,19.852948166645405,63.86300855881657,37.94502239727518,55.15221796081203,54.30137281398896,2.7998057812051025,4.024249110926415,37.94502239727518,4.836996495891798,4.376427230670648
2010-08-27T00:00:00+08:00,3299.987,19.6042713400135,62.282186875506554,37.191004207179944,53.92745568183379,52.82818277659018,2.7571621427236357,3.9377620914594833,37.191004207179944,4.722292805747002,4.2655708029280035
2010-08-26T00:00:00+08:00,3285.196,19.82621134427906,62.34128892750803,37.09473650878617,53.73393835510971,52.432369710076344,2.7820936493830524,3.921899334747046,37.09473650878617,4.704788496402406,4.248060487819421
2010-08-25T00:00:00+08:00,3271.813,19.93874245418669,62.41786142449926,37.03344586723391,52.902749586423695,52.39248117092215,2.7742939038353502,3.9026044772318786,37.03344586723391,4.667081621747338,4.224282742369384
2010-08-24T00:00:00+08:00,3345.492,20.398423169256397,64.48704713998302,38.04724935728502,54.598016999733574,53.83737248068731,2.834637831728042,3.9956424443612586,38.04724935728502,4.789092363490881,4.310949082760144
2010-08-23T00:00:00+08:00,3318.44,20.34791914851017,63.53847719984279,37.71651181172797,54.08412323916157,52.97616365851931,2.821485306308026,3.949580338486652,37.71651181172797,4.737240145327412,4.259055359579607
2010-08-20T00:00:00+08:00,3308.992,20.475088266455593,63.81510194165524,37.809500435636885,53.751772903917455,52.72698845180902,2.8241422552468287,3.928581129443878,37.809500435636885,4.6978135552714395,4.235659962586611
2010-08-19T00:00:00+08:00,3376.847,20.905163216018334,66.00262348900355,38.796092983891356,54.79650427499312,54.30421642932892,2.8811059161249077,4.013907400325501,38.796092983891356,4.8130355597679,4.37851320560383
2010-08-18T00:00:00+08:00,3362.677,20.83300909875425,66.37778829581816,38.78250385428148,54.78152808630807,54.1821288084943,2.8605804118534626,4.005563160849523,38.78250385428148,4.81145506734171,4.357463384729247
2010-08-17T00:00:00+08:00,3366.391,20.93794908740892,66.89107477642264,38.978272258328126,55.128610313632514,54.42315032035805,2.8680527618032357,4.014853397958325,38.978272258328126,4.808684322204568,4.367537856879549
2010-08-16T00:00:00+08:00,3340.924,20.870974744762577,66.59741812532025,38.78175540263813,55.03654698282084,54.31904686983246,2.855783979528348,3.9807047739235877,38.78175540263813,4.775787397978308,4.305888097440286
2010-08-13T00:00:00+08:00,3265.493,20.457839183235702,65.20773362189088,38.01171463545371,53.64964796465471,53.048316616158246,2.797404889018612,3.89853814671357,38.01171463545371,4.679878596747873,4.223764828519366
2010-08-12T00:00:00+08:00,3214.205,20.200202433438804,63.725268225333984,37.379565004967915,52.82565368974869,52.12267413975208,2.7618003351365252,3.829640713141462,37.379565004967915,4.593383928132542,4.163091892789656
2010-08-11T00:00:00+08:00,3253.145,20.505828031372896,64.77495239371514,37.85182648641659,53.48541073054053,52.80932225467093,2.7983596095553653,3.8803624228874605,37.85182648641659,4.6405280641205815,4.20918433774181
2010-08-10T00:00:00+08:00,3226.128,20.444777531709303,64.46096704908513,37.52310429483671,52.72262154867683,52.03783792477981,2.7847096199971855,3.8395059968300407,37.52310429483671,4.589474951229576,4.160912765089735
2010-08-09T00:00:00+08:00,3333.61,21.10597665568331,67.66030081110783,39.07881658503669,55.23940651298519,54.09232640526312,2.8722006134047002,3.9863944111097696,39.07881658503669,4.7672474521296175,4.322798830469004
2010-08-06T00:00:00+08:00,3301.802,20.974812751807143,66.87279069471016,38.66578102584086,54.110427705909686,53.26600759187919,2.8538417735232735,3.9376092261118223,38.66578102584086,4.6866074867076435,4.265223961741013
2010-08-05T00:00:00+08:00,3244.377,20.681549917166638,65.88851098305918,38.06592039547804,53.21648321195766,52.3635054083916,2.8101067313109573,3.8650526309309776,38.06592039547804,4.592333441599032,4.187092397310393
2010-08-04T00:00:00+08:00,3255.485,20.81782317214189,65.88734877837545,38.09526033404042,52.851195479398584,52.220728490542584,2.8275552254998115,3.8634371556226386,38.09526033404042,4.582968144968502,4.155139196076718
2010-08-03T00:00:00+08:00,3233.472,20.717726102347758,65.25428200709572,37.800512609661546,52.420917545557195,51.562536961996656,2.8141259299751695,3.8272217212047597,37.800512609661546,4.545396176427192,4.107323658991773
2010-08-02T00:00:00+08:00,3289.324,21.074000587068728,66.58801093866936,38.44934690008789,53.19602930253632,52.77560202059108,2.8633803471808466,3.8978207854532267,38.44934690008789,4.617347881799909,4.170904166183999
2010-07-30T00:00:00+08:00,3231.484,20.7654639931062,65.2178606409084,37.73863197359773,52.27010530493826,51.94522998737007,2.8218344980000714,3.827070447894106,37.73863197359773,4.53485198093968,4.083526337003628
2010-07-29T00:00:00+08:00,3238.269,20.843993270354567,65.67356217949362,37.890435665387955,52.687920209288265,51.982219309281994,2.8312888654321013,3.8344014668281545,37.890435665387955,4.547811940130293,4.080116009338573
2010-07-28T00:00:00+08:00,3220.088,20.74284220289401,65.50676360456245,37.68049043828428,52.35956240238959,51.79858488122187,2.816597854877512,3.8022117113356093,37.68049043828428,4.528532090282817,4.059769495983286
2010-07-27T00:00:00+08:00,3146.779,20.289601223134692,63.75577256038132,36.85530126635141,51.44960912377011,51.062122919244246,2.7560794515590468,3.7205079288447362,36.85530126635141,4.445203335360681,3.984307757989387
2010-07-26T00:00:00+08:00,3157.164,20.371432104629402,64.03783004772122,36.950259782893674,51.77398782896537,51.59171338213926,2.7664778323444907,3.7311824952493082,36.950259782893674,4.45676711946678,3.9868920131260612
2010-07-23T00:00:00+08:00,3128.351,20.247818780258644,63.524471401050356,36.61323846881943,51.05921613149808,50.776998712660045,2.7492269324836047,3.6901078418870914,36.61323846881943,4.410381459513082,3.956062416907691
2010-07-22T00:00:00+08:00,3119.909,20.17174203557137,63.64671466297885,36.59206278835991,51.178442848470006,50.43503411848582,2.73876564980959,3.688902078579522,36.59206278835991,4.388688006216889,3.9507329079132942
2010-07-21T00:00:00+08:00,3078.941,19.949100264457517,62.46730859205185,36.06690970969894,50.75859312090545,49.923115700393055,2.7066504540534075,3.635874671292115,36.06690970969894,4.33863210492729,3.8921622052356546
2010-07-20T00:00:00+08:00,3072.461,19.87592500191878,62.400846571831785,35.98677386296714,50.635566764799606,50.00608794252298,2.69656723455151,3.623934239042205,35.98677386296714,4.329296280520685,3.8812488825049343
2010-07-19T00:00:00+08:00,2999.13,19.486530559253726,60.478370586434515,35.01681293526028,49.25310427633491,48.68925323130411,2.6412713913456716,3.5254604502489957,35.01681293526028,4.198066158194626,3.7831360426616065
2010-07-16T00:00:00+08:00,2928.325,19.05741303460187,58.48887386031392,34.10325081902267,48.045278787293654,47.55391285930389,2.582393996652191,3.4400170352095905,34.10325081902267,4.099593857289078,3.6697422024331
2010-07-15T00:00:00+08:00,2916.699,19.015214185166283,58.134459179503146,33.94001482408542,48.09930326829688,47.41431929213421,2.5757866353079493,3.4179070233549065,33.94001482408542,4.079439926259454,3.6552474480402553
2010-07-14T00:00:00+08:00,2974.539,19.41743546588295,59.8696263827743,34.765028060797384,49.2194820263972,48.52409085101812,2.629362749287388,3.503841572992739,34.765028060797384,4.198583760510126,3.7537775556727238
2010-07-13T00:00:00+08:00,2951.067,19.27564626870141,59.25321738084689,34.43048308061552,48.833685096595474,48.413900968247304,2.6098514349320183,3.4661452053372996,34.43048308061552,4.158870381490194,3.729031868494611
2010-07-12T00:00:00+08:00,2996.35,19.56270535441598,60.37678509228516,35.034434957223255,49.58573663516009,48.64451804332951,2.647812126995404,3.5259770382846543,35.034434957223255,4.202017993819881,3.7613440497431894
2010-07-09T00:00:00+08:00,2963.601,19.430568533556364,59.712119541718494,34.62662515153885,49.0782487569285,48.6581635281555,2.629565190043758,3.485703030721883,34.62662515153885,4.156175335190273,3.723585196525449
2010-07-08T00:00:00+08:00,2882.316,18.97131362520554,57.57283256980743,33.60193103826856,47.87912318108951,47.10673893812887,2.5674565977247714,3.3844305905739342,33.60193103826856,4.060251078379576,3.6273571866062264
2010-07-07T00:00:00+08:00,2890.858,19.05953123433802,57.81589967530121,33.73505530069601,48.0626230806531,47.28673182861955,2.5655960356781837,3.3987336538066084,33.73505530069601,4.06919267091456,3.6432931668315787
2010-07-06T00:00:00+08:00,2863.208,18.937425345139093,56.921881690471366,33.30557839039217,47.39356372377082,46.679619140657735,2.5488209960430686,3.3591484348174947,33.30557839039217,4.002585002421928,3.611766202811726
2010-07-05T00:00:00+08:00,2798.436,18.540924602608477,55.26106149128554,32.48196336224537,45.98063781069499,45.5842299844605,2.4948403535011585,3.27344870783361,32.48196336224537,3.8977597854871053,3.5042837452948747
2010-07-02T00:00:00+08:00,2819.716,18.6446872457002,55.47204493825362,32.62258966320804,46.19133820513684,45.53117087879028,2.505128534325809,3.28648735796419,32.62258966320804,3.9377478660441216,3.5194639961890086
2010-07-01T00:00:00+08:00,2821.479,18.625677680193363,55.61955649599511,32.704646065676215,46.63164655124139,46.09556739731016,2.5010370348703184,3.2957046975307915,32.704646065676215,3.9643556833359774,3.5435495218840862
2010-06-30T00:00:00+08:00,2862.784,18.387896031724416,57.91315526837032,32.02738801687852,47.70595063967599,46.64290067330723,2.5008368986134983,3.351404877241068,32.02738801687852,4.130991724393553,3.648784495649536
2010-06-29T00:00:00+08:00,2903.186,18.60662592816389,58.96253980809766,32.69470402905662,48.5011826102911,46.82602324880179,2.530157769030729,3.4283493557760867,32.69470402905662,4.210815683287545,3.7436736733819473
2010-06-28T00:00:00+08:00,3055.475,19.458665164483715,63.26096297244429,34.622541022903064,51.472674067087965,49.7908892988893,2.6457703676655857,3.6390934793496763,34.622541022903064,4.461399242116746,3.9495994145202853
2010-06-25T00:00:00+08:00,3088.873,19.618667529788155,64.12082120157201,35.05261772282627,52.38077693406796,50.71152180984148,2.6672145514741326,3.692790561603659,35.05261772282627,4.520644509222616,3.9922087214519704
2010-06-24T00:00:00+08:00,3122.774,19.71441793870425,65.14890812935147,35.55965406068826,53.66870141063067,51.30587985601284,2.679897736311302,3.7479113937761723,35.55965406068826,4.600366512656914,4.068871070242596
2010-06-23T00:00:00+08:00,3122.841,19.777179472407923,65.47403946197402,35.6305146707105,53.58041265423043,51.38984989623973,2.6795375822975656,3.74961890674613,35.6305146707105,4.597923879788093,4.059254276600733
2010-06-22T00:00:00+08:00,3145.721,19.899394378287113,65.98707969905347,35.83688782473408,53.74572624965526,51.47127201330246,2.701155393907453,3.771071596086304,35.83688782473408,4.629450708397537,4.075942427124908
2010-06-21T00:00:00+08:00,3133.849,19.854927963617442,65.46241624553709,35.57936782123257,53.42257719555152,51.31469152844284,2.694625519961581,3.740163597000062,35.57936782123257,4.607225031541213,4.0468295151491915
2010-06-18T00:00:00+08:00,3042.931,19.283732952074438,62.97245131164305,34.54064056881297,52.341018753451976,49.952656019199935,2.6162530372187764,3.6279484257713435,34.54064056881297,4.475692144037798,3.933127097124631
2010-06-17T00:00:00+08:00,3123.838,19.694250059149486,65.3035810759004,35.68047731684339,54.668900068071665,52.12302280727615,2.671035552680674,3.7554264974126723,35.68047731684339,4.6636356690212235,4.103843945268478
2010-06-11T00:00:00+08:00,3148.398,19.792587437003306,65.9832343492367,35.9586255992015,55.41526134273938,52.963506829397446,2.681884354308394,3.7843800485863257,35.9586255992015,4.712013327915937,4.152955546759581
2010-06-10T00:00:00+08:00,3148.913,19.72437328322993,65.98910373251915,35.95897348083531,55.778028574725404,53.30017281364681,2.6720851734815905,3.78818311013425,35.95897348083531,4.758260297387587,4.180316818399032
2010-06-09T00:00:00+08:00,3169.266,19.883813208381444,66.15818249788556,36.02010562750591,55.227867537550445,53.04206059663157,2.692701358328849,3.7917593987883476,36.02010562750591,4.749760370479524,4.1257323516783915
2010-06-08T00:00:00+08:00,3081.74,19.306276888325417,63.56087181587481,34.950545949280546,54.03623178925641,52.112934419290724,2.615434190111423,3.6905543571608206,34.950545949280546,4.632216100296195,4.030788840873749
2010-06-07T00:00:00+08:00,3067.169,19.3222623236258,63.14882467099069,34.716902151984804,53.439714777378114,51.29980313177871,2.616937940919638,3.6544392766862863,34.716902151984804,4.591720629152927,3.980178392586468
2010-06-04T00:00:00+08:00,3106.367,19.612398482628613,63.79636922044437,35.03785217312248,53.38648704151061,51.36661916355736,2.655912567905503,3.6839632687382005,35.03785217312248,4.5858328777897315,3.979165379652781
2010-06-03T00:00:00+08:00,3091.48,19.588102452486012,63.31908280230523,34.796612703899065,52.70785480757431,50.41420413023126,2.641582077998236,3.6575482001899275,34.796612703899065,4.544478336302709,3.934871487194899
2010-06-02T00:00:00+08:00,3114.218,19.71768985414603,63.79706007856198,35.06783002232482,53.191500885557076,50.517805321459356,2.6521462855268925,3.691190657570401,35.06783002232482,4.575404453663063,3.950477879822667
2010-06-01T00:00:00+08:00,3087.956,19.645236339776282,62.722557535609546,34.53959473795209,51.83457497107456,49.686601775433466,2.6487200870184453,3.6382703800477927,34.53959473795209,4.500205214213006,3.889214511447718
2010-05-31T00:00:00+08:00,3130.954,19.845102961520464,64.00300351549134,35.19571864039355,53.22225771659464,50.714482402285554,2.6749961608470727,3.707466977559376,35.19571864039355,4.5825900581681385,3.9588070682394454
2010-05-28T00:00:00+08:00,3221.74,20.311182134350037,66.33502451911241,36.30818963840213,55.01338602157676,52.34572850347699,2.737636487051133,3.830927652475227,36.30818963840213,4.713822607322125,4.092803496757115
2010-05-27T00:00:00+08:00,3223.431,20.30893270630864,66.45444793395669,36.29447488875795,54.51908618356124,51.73378366710635,2.7369621779834055,3.8252886784141165,36.29447488875795,4.699010455886264,4.084397075923832
2010-05-26T00:00:00+08:00,3169.711,20.06091473594379,65.25750169282358,35.70265182912817,53.03646585527188,50.526305071521556,2.6860033564341035,3.757576409872045,35.70265182912817,4.606701347986121,4.003173822783351
2010-05-25T00:00:00+08:00,3165.845,20.041402409869583,65.25229174766432,35.614664021501525,53.319831366676304,50.74755784948875,2.683110493094622,3.7434397456005915,35.614664021501525,4.579138648862169,3.982380561633786
2010-05-24T00:00:00+08:00,3215.119,20.40871313014682,66.45050548140917,36.050684391566215,53.973541258416354,50.769747405018805,2.732299089703172,3.782623852023884,36.050684391566215,4.5988152383211265,4.009807572462574
2010-05-21T00:00:00+08:00,3090.108,19.720306120391655,63.10875278589812,34.528855238799345,51.57452044629579,48.53206893484339,2.6388142668679113,3.618743371547351,34.528855238799345,4.39297165660875,3.821149295222686
2010-05-20T00:00:00+08:00,3038.313,19.461196651323245,61.21129067018126,33.824657921271964,50.26153196975612,47.72133950301185,2.604726951678187,3.554417635180963,33.824657921271964,4.29040761901016,3.7562068907506143
2010-05-19T00:00:00+08:00,3085.787,19.69171813724768,62.30505552950817,34.342802931446705,51.079495154643844,48.729870722440516,2.635378500951363,3.6205380871171005,34.342802931446705,4.39363721812586,3.868569670425151
2010-05-18T00:00:00+08:00,3091.452,19.73165625270589,62.260443897037135,34.41748919118063,51.0636766577722,48.513111989431096,2.6404253329839182,3.631796636430128,34.41748919118063,4.372712601169135,3.874441487875466
2010-05-17T00:00:00+08:00,3038.314,19.451465615164782,60.35561173305503,33.7964504343904,50.36958051941112,48.315233190990256,2.6023538896361154,3.57797358694335,33.7964504343904,4.343140614134704,3.846052902826473
2010-05-14T00:00:00+08:00,3222.386,20.49404654360273,65.89136631428842,36.235699230008635,53.21970582144495,51.80756775294306,2.7421724423126443,3.842905065701322,36.235699230008635,4.617471635836737,4.113019685666488
2010-05-13T00:00:00+08:00,3228.7,20.585269827645998,66.26844292192037,36.28839184496323,53.57215395343023,51.41233544721448,2.7533532679130768,3.8367366251870725,36.28839184496323,4.595653358223181,4.0963861532745565
2010-05-12T00:00:00+08:00,3149.003,20.162517299274306,63.842728980928825,35.423817806994975,52.12130144469008,49.94780340127825,2.696722115340896,3.750708053610707,35.423817806994975,4.470570936688155,4.017708069773631
2010-05-11T00:00:00+08:00,3165.43,20.119941242286004,64.21993927274025,35.83958530248597,53.72009125870814,51.58160808232611,2.690675827657723,3.8067214705073873,35.83958530248597,4.580738842191367,4.100198435865926
2010-05-10T00:00:00+08:00,3240.746,20.523303350604863,66.23583074928038,36.777683380125566,55.19071207774881,52.930805799162655,2.7446841760035343,3.904783607579898,36.777683380125566,4.723000011532133,4.2440116726157
2010-05-07T00:00:00+08:00,3248.09,20.498928243108768,66.68606399979814,37.021414258421395,56.7395211012026,54.04615690342489,2.741298420050293,3.9342070572498833,37.021414258421395,4.806771437286961,4.311336012531045
2010-05-06T00:00:00+08:00,3311.329,20.888871545320853,68.78135279443812,37.8595821635256,57.17387680718856,54.75306484414964,2.791722519051428,4.020413953771057,37.8595821635256,4.864325904095989,4.387553564687579
2010-05-05T00:00:00+08:00,3449.605,21.737847185063636,72.64516619705687,39.43881720716251,58.68273995193635,56.478820048764675,2.902354986870843,4.1765307997280985,39.43881720716251,5.018781179654611,4.517051002035463
2010-05-04T00:00:00+08:00,3400.087,21.52752484280572,70.40385636628586,38.518806850791115,57.10593931144308,54.450630008057765,2.8746376500829762,4.073280965700381,38.518806850791115,4.884006476791013,4.370581763750339
2010-04-30T00:00:00+08:00,3435.975,21.88181787739237,70.95779203147072,39.008433634657436,57.041551221034844,55.03234924016231,2.9089709737983536,4.104518406613037,39.008433634657436,4.884435947294201,4.399676504314663
2010-04-29T00:00:00+08:00,3468.145,22.609299296165144,78.41842161864953,39.32355674169639,59.211477738578964,57.28915698200325,2.9598614156867327,4.220223097037121,39.32355674169639,5.038352187661291,4.562829881016247
2010-04-28T00:00:00+08:00,3536.494,23.446333034226726,82.44892658477696,40.98987043696017,62.45147428273182,59.64150503745988,3.0117465617684935,4.3368017169596795,40.98987043696017,5.223342805294775,4.650403993676988
2010-04-27T00:00:00+08:00,3552.642,24.199257134944812,86.62376977456466,41.59265137328476,62.808061961145725,61.925128796866865,3.046151736476178,4.3675073881372395,41.59265137328476,5.241184167124128,4.728014500940057
2010-04-26T00:00:00+08:00,3633.639,25.10644087252048,93.50727683479002,43.247461090024316,65.90261296134786,64.58644280809376,3.1160468866625157,4.497742694722184,43.247461090024316,5.3853571743220945,4.868468922143562
2010-04-23T00:00:00+08:00,3646.314,25.59405463715462,100.52154845613276,44.457817204365774,67.35050997125103,66.42895392829534,3.1397686306016994,4.52617444725167,44.457817204365774,5.4172322590181805,4.920708694005409
2010-04-22T00:00:00+08:00,3666.337,26.37834798295659,107.4859178338123,45.09521716133352,67.46085050004744,68.81761322320025,3.1625349042834134,4.564172199101235,45.09521716133352,5.519915047918329,4.979043065596928
2010-04-21T00:00:00+08:00,3687.748,26.7411194358826,109.90426325872566,45.774674375001055,68.04413711412509,68.76855774636853,3.1957703234294303,4.573663173921093,45.774674375001055,5.516911874322021,4.979010172387521
2010-04-20T00:00:00+08:00,3602.041,26.54513481889367,109.14799925820246,44.97196016311366,67.16780971664811,67.27980309994285,3.138799131262406,4.4633420012495,44.97196016311366,5.362693125806365,4.8338590478482875
2010-04-19T00:00:00+08:00,3586.866,27.278679247722035,114.08076285964795,45.086417645876814,67.01719224346064,67.27518632765745,3.13975038140567,4.448067195850489,45.086417645876814,5.330760881154793,4.785617228905729
2010-04-16T00:00:00+08:00,3773.157,29.024221168532687,123.65577433358193,47.32318713910486,69.29662786689826,69.89419692073712,3.3043294685891205,4.674994538035351,47.32318713910486,5.572628900510959,4.993898105458644
2010-04-15T00:00:00+08:00,3804.061,29.429896845785564,127.20146103154586,47.53448367354348,68.70877827827049,69.88510759834128,3.3364806688382473,4.691653566348457,47.53448367354348,5.590559233803296,4.9995159409029135
2010-04-14T00:00:00+08:00,3827.271,29.54866716702614,132.75894331518515,48.3165612147116,70.21391575639375,72.06737799203415,3.347064365627113,4.744047358819065,48.3165612147116,5.658881780836553,5.076205877027965
2010-04-13T00:00:00+08:00,3801.304,29.575796266566364,131.43152075985432,47.908886750345786,69.79565978800692,71.36774683596954,3.33938353239939,4.69530258072625,47.908886750345786,5.587953961528852,5.008091645388031
2010-04-12T00:00:00+08:00,3792.268,29.58596688435439,135.62102708454123,48.455959888684696,71.43480185569958,74.3002501588293,3.317022177379678,4.756974633974439,48.455959888684696,5.69004691922322,5.104612231315635
2010-04-09T00:00:00+08:00,3799.513,29.78977179495582,139.71283412770245,48.38918801022041,70.54511836438233,73.90286055540432,3.3323746070485014,4.745924665924241,48.38918801022041,5.62954603885732,5.062062222352789
2010-04-08T00:00:00+08:00,3755.686,29.681490760576114,141.8743887749178,47.808898385405065,69.46262885830394,73.0720247106331,3.3013575136559283,4.683999256006127,47.808898385405065,5.5244456700293565,4.995881416372979
2010-04-07T00:00:00+08:00,3783.848,30.501103861317485,145.42411924805512,47.99073373325925,69.79807458602644,73.66489817968511,3.354734458177722,4.7027371576622965,47.99073373325925,5.516437994909945,4.995030178350852
2010-04-06T00:00:00+08:00,3793.427,30.605998050276927,146.71614828047993,48.00236774889807,69.86738799869296,73.15141920543576,3.363612949908684,4.699350478643339,48.00236774889807,5.507586223268957,4.975928632400656
2010-04-02T00:00:00+08:00,3791.722,30.614070774489534,148.77261860431744,47.838672047325645,68.72624653918461,72.65837978377836,3.362607434498701,4.686055719590377,47.838672047325645,5.483825128056438,4.986312869169925
2010-04-01T00:00:00+08:00,3776.169,30.89760447339741,150.3665004524195,47.64688537745353,68.26012190273461,72.57503651277669,3.3536328124925254,4.669323173611787,47.64688537745353,5.467293691186671,5.005579357725361
2010-03-31T00:00:00+08:00,3722.858,30.515346388240236,146.2391321250075,46.92637201207051,67.82442775092889,71.26708801108627,3.3131819987416495,4.59838781551324,46.92637201207051,5.391835937672106,4.925393999810071
2010-03-30T00:00:00+08:00,3733.555,31.11304193854227,161.8684807552199,46.9819032933279,67.13573680422158,71.20820476214386,3.3370410802300823,4.597552145607512,46.9819032933279,5.3688863864498995,4.910864674708978
2010-03-29T00:00:00+08:00,3720.893,31.178503968398708,168.2952960235174,46.778914578458924,66.53211572526838,70.71271852905423,3.3310204087627295,4.579581648292305,46.778914578458924,5.349534521254401,4.870439052679886
2010-03-26T00:00:00+08:00,3652.179,31.43490429915509,178.9639328266657,46.55990518022342,66.96945347367043,71.74923945175745,3.283120544425891,4.544293116201101,46.55990518022342,5.327724543534467,4.863591602382841
2010-03-25T00:00:00+08:00,3601.7,31.381183289138047,183.30969286970503,46.17361338128807,67.03738860525544,72.7821236064338,3.263037337882045,4.491611136137716,46.17361338128807,5.28288508320175,4.790196309765568
2010-03-24T00:00:00+08:00,3653.164,31.25819967309948,188.69663357767126,46.58331392482972,68.02718231472856,73.31392294403551,3.3034618548305703,4.553734261148647,46.58331392482972,5.347642999492015,4.830808834780095
2010-03-23T00:00:00+08:00,3646.575,31.86907864454045,191.7330522259515,46.70446506556312,67.24328865008115,73.13063487842473,3.3068463307610263,4.538329159353425,46.70446506556312,5.317896390920851,4.8012145139222175
2010-03-22T00:00:00+08:00,3673.782,32.29847154522017,201.27278792293356,47.17917313486438,68.04512334750765,73.39853068542017,3.331944604732258,4.571856343846037,47.17917313486438,5.323986617530081,4.835899163554671
2010-03-19T00:00:00+08:00,3658.564,32.30537815058135,208.69872813340217,46.875123081640375,66.96482527645922,73.16332593979433,3.3238285431441206,4.545289133962845,46.875123081640375,5.288166769164262,4.800233531244961
2010-03-18T00:00:00+08:00,3630.381,32.16848218655517,210.72417785400512,46.67508731509965,66.30329028601082,72.98429659410152,3.3009107659584562,4.510107552037369,46.67508731509965,5.263624647308965,4.770425857319193
2010-03-17T00:00:00+08:00,3630.646,32.25496317033068,209.8688289566627,46.37612122566726,65.9926429937721,73.20144217159941,3.3039213710798627,4.48911687266573,46.37612122566726,5.258105393325083,4.740562262895095
2010-03-16T00:00:00+08:00,3547.042,31.56150857958538,195.5607234257313,44.82399048223442,64.07909612073311,71.49645134136418,3.2383143084116095,4.382681446266458,44.82399048223442,5.126205737194368,4.61960758478811
2010-03-15T00:00:00+08:00,3520.148,31.453604453344482,200.03118715854006,44.5711195064672,62.895405597715246,70.67215629632554,3.223008018631567,4.348561517649627,44.5711195064672,5.063310128693949,4.564036666616864
2010-03-12T00:00:00+08:00,3566.385,31.93012972009443,213.30755467283763,44.81360157168227,63.62966871027717,71.38358274225753,3.269819666286466,4.388192576101738,44.81360157168227,5.122040487122921,4.614567379716442
2010-03-11T00:00:00+08:00,3617.067,32.51475186745546,220.10781462163325,45.51537544537228,64.80514330092367,72.60176211164799,3.312044035139796,4.4537106778898545,45.51537544537228,5.183322397063124,4.680152649715755
2010-03-10T00:00:00+08:00,3627.759,32.51738792806225,223.30007438513923,45.67198411454537,64.93733433789042,72.60270686326021,3.309653506144993,4.469423031580159,45.67198411454537,5.206890755494628,4.683148801153132
2010-03-09T00:00:00+08:00,3662.139,32.85203999987668,240.1044550046297,46.55049336733098,66.14606109725082,74.05294736839289,3.33683880802217,4.533074686435095,46.55049336733098,5.2846270013875305,4.773676381461847
2010-03-08T00:00:00+08:00,3647.573,32.71698838740412,241.53086881447038,46.55104360663909,65.9485688891872,74.39707764452918,3.320524140360293,4.529161263637406,46.55104360663909,5.2985229303655625,4.764631938006808
2010-03-05T00:00:00+08:00,3614.571,32.52118827408267,249.72462415813965,46.19344666665158,65.9552866668737,74.56178767438202,3.2970402235545673,4.478131637794599,46.19344666665158,5.2324702995841985,4.716160770479593
2010-03-04T00:00:00+08:00,3603.657,32.53472677959362,261.65264538308503,46.103637751784056,64.96039360693415,73.9836196493841,3.2914054446538388,4.459887320449357,46.103637751784056,5.194769042245789,4.690984440774771
2010-03-03T00:00:00+08:00,3711.335,33.4246558083688,288.42552659548204,47.69119337406439,67.02358840560397,76.95615214136815,3.374410868347492,4.624342896169215,47.69119337406439,5.403112564888437,4.860745022112674
2010-03-02T00:00:00+08:00,3676.661,33.194747655616524,290.4078920427402,47.317812056781264,66.28112786608395,76.33682534702865,3.350289189165522,4.569754533604466,47.317812056781264,5.327667075063454,4.808789321740981
2010-03-01T00:00:00+08:00,3685.066,33.36542166412556,291.8081058516018,47.314524774491034,66.17433855839704,75.99542066398156,3.364159805425103,4.570140900270138,47.314524774491034,5.331085840833425,4.816059835721797
2010-02-26T00:00:00+08:00,3638.796,33.022144996554346,297.59868038677706,46.986273146887314,66.05385374934635,75.80924875856074,3.3253174706498347,4.5156011257972315,46.986273146887314,5.254038290300142,4.7225261747597695
2010-02-25T00:00:00+08:00,3644.415,33.111280333554895,304.08572119550473,47.01343882129246,65.79324529814446,75.14809663019372,3.334843502384639,4.510932088263949,47.01343882129246,5.26040534731007,4.721667042372189
2010-02-24T00:00:00+08:00,3589.373,32.664086295316515,293.04729430223676,46.2695152505324,64.58742945390203,74.36259710529515,3.2914993037077003,4.442120303791054,46.2695152505324,5.167805325256464,4.638495052275639
2010-02-23T00:00:00+08:00,3529.613,32.18988492355431,279.29163392087105,45.24514702079374,63.17758056955959,72.50712459569532,3.2440614932695455,4.346270035331848,45.24514702079374,5.054323455742171,4.531768129832179
2010-02-22T00:00:00+08:00,3541.111,32.41231766342128,277.1299322087872,45.10064404461555,62.324151631841254,71.0411342348322,3.266291050541568,4.315844064249182,45.10064404461555,5.008052212681178,4.505450208414304
2010-02-12T00:00:00+08:00,3551.14,32.56202245692127,287.3499419949766,45.12258332494705,61.86909606460133,71.3833032226969,3.280699486909974,4.310180245505882,45.12258332494705,4.997662709530902,4.522154355587945
2010-02-11T00:00:00+08:00,3513.177,32.04486831858337,278.2937943204215,44.594892792106364,60.92838627600458,70.49254516765332,3.236323482021418,4.261628969607777,44.594892792106364,4.934366056055157,4.461758764810417
2010-02-10T00:00:00+08:00,3512.458,32.01590158357137,273.39040268318354,44.74782202938816,62.350422707179526,70.63972607473129,3.232983063910668,4.26855929564756,44.74782202938816,4.945842865058758,4.45251647907388
2010-02-09T00:00:00+08:00,3465.49,31.682503835280148,262.6652100193045,43.83974557308609,61.97060284685954,69.97523672673113,3.19361724102385,4.214151456808124,43.83974557308609,4.871795145837871,4.412270440293255
2010-02-08T00:00:00+08:00,3452.078,31.573958607727054,255.03969345016733,43.44862059659594,62.356662294230496,69.98327143366114,3.181978522141515,4.209638619564361,43.44862059659594,4.8835812585447425,4.394706997599703
2010-02-05T00:00:00+08:00,3453.973,31.60469080145978,263.10753658607064,43.476064869557916,62.48214128464328,69.91064915801468,3.184774564055603,4.207442782155286,43.476064869557916,4.869216689053669,4.381497445342029
2010-02-04T00:00:00+08:00,3526.18,32.23391422024621,283.66321443286586,44.55705597287936,63.45031003433575,72.28843077957696,3.2469474447339493,4.29460247587393,44.55705597287936,4.958149034450468,4.49172885558441
2010-02-03T00:00:00+08:00,3521.391,32.33718560545287,281.0872386728215,44.105334477132814,62.357969850509996,71.46806432952893,3.255865042557404,4.263309058290683,44.105334477132814,4.912670454120593,4.461247151667752
2010-02-02T00:00:00+08:00,3443.356,31.62874084352131,284.7925622464572,43.35214973702201,61.65202936711996,70.50484118982841,3.1826434409092026,4.191355518997373,43.35214973702201,4.840089767900972,4.403495977580424
2010-02-01T00:00:00+08:00,3454.906,31.69942620053289,300.1888712697019,43.714393505102755,62.36170261815248,71.2454989106054,3.193049866068265,4.214346995817525,43.714393505102755,4.872199725547912,4.437335828069807
2010-01-29T00:00:00+08:00,3504.567,32.19196651986355,297.0002791382821,44.23277572177672,63.250767743212045,72.32136119794622,3.2437017450020655,4.282371920355485,44.23277572177672,4.946995286436156,4.4951040530647175
2010-01-28T00:00:00+08:00,3494.778,32.1985043730265,292.62378397566755,43.96843867634196,62.81367472943891,71.64157841736649,3.2438240644547274,4.258802452438151,43.96843867634196,4.895344151717807,4.479277390723946
2010-01-27T00:00:00+08:00,3471.122,32.126465572780035,288.1145275073329,43.641758144768254,62.46686531379463,72.04149233680222,3.234726610986111,4.213490749453264,43.641758144768254,4.843108298260509,4.413298751858135
2010-01-26T00:00:00+08:00,3510.546,32.50586749039567,287.4675348947399,44.01731434360426,62.80024810205041,72.76263563550715,3.273473637871375,4.24690364080334,44.01731434360426,4.883099279025062,4.472746742927091
2010-01-25T00:00:00+08:00,3617.689,33.32402933883822,296.8265252479815,45.65822359128652,64.96985735523165,74.22464140794445,3.3564853601049736,4.41046292902921,45.65822359128652,5.073412063154746,4.6595916355497495
2010-01-22T00:00:00+08:00,3665.17,33.67929214400677,307.8272010347878,46.26459114879855,65.98095979551235,75.6955247004895,3.399281128622146,4.477072425774067,46.26459114879855,5.143053421412289,4.728035095461443
2010-01-21T00:00:00+08:00,3730.97,34.04911728835887,321.6854300308352,47.413555995798184,67.89373490461193,78.32444476008263,3.4366079117597117,4.594836360323503,47.413555995798184,5.309702760875594,4.827439008915624
2010-01-20T00:00:00+08:00,3715.206,33.925939878206606,318.4915400374046,47.151416504955314,67.57440076089414,77.93291660197431,3.424170024987695,4.573267827811165,47.151416504955314,5.269138049588002,4.795308638085295
2010-01-19T00:00:00+08:00,3843.874,35.00728660907725,344.97774754419555,48.96218793524294,70.615361187149,82.27735698056412,3.5321701562616763,4.747417874865955,48.96218793524294,5.47847972590715,4.996717762521138
2010-01-18T00:00:00+08:00,3839.077,34.944285000689916,354.6878368738174,49.07998367340878,70.39627909703236,82.08391023915513,3.5260669201775414,4.75050387382601,49.07998367340878,5.491105418173423,5.012988612572297
2010-01-15T00:00:00+08:00,3804.152,34.761834043088875,340.4009940701142,48.326361250019346,69.2674046217105,81.33016046378998,3.5076323540770353,4.682428680272226,48.326361250019346,5.4029783564839535,4.943536068151938
2010-01-14T00:00:00+08:00,3784.207,34.66196033305246,348.3083952691889,48.007589313027005,69.08272061374687,81.49046126366127,3.496600926418571,4.655489898551554,48.007589313027005,5.389207518915295,4.89085683680284
2010-01-13T00:00:00+08:00,3716.072,34.16750964405891,332.0261165244664,46.87189854342545,67.2952670389581,79.32251800590154,3.4475709502861047,4.545860013182073,46.87189854342545,5.214832405281805,4.762324447127359
2010-01-12T00:00:00+08:00,3809.633,35.20688941826016,335.79547227622817,47.490464132046824,67.6943219315748,79.07622253024212,3.5530498647456144,4.601071479206987,47.490464132046824,5.284735114452152,4.827611774221614
2010-01-11T00:00:00+08:00,3745.841,34.574831552996386,315.74226333726153,46.47100222722631,66.47193720940577,77.65174004879964,3.489341934016891,4.503114885760553,46.47100222722631,5.173091231422701,4.737888243014087
2010-01-08T00:00:00+08:00,3735.382,34.40023429138115,304.341406712009,46.29921184997922,65.55188584453934,76.19465651728821,3.471721326217697,4.474924988973244,46.29921184997922,5.123351551665282,4.7065678613046025
2010-01-07T00:00:00+08:00,3713.539,34.33113489013938,295.36278830351955,45.862566445424065,64.78133769745979,75.93543438257194,3.464747714845376,4.43093347384582,45.862566445424065,5.076638869390884,4.668616408064544
2010-01-06T00:00:00+08:00,3788.803,34.996641165341046,307.86962255502834,46.83712953736183,66.11192753103872,76.68056872034303,3.5319115692817675,4.523367610596722,46.83712953736183,5.186914669533074,4.739135230265079
2010-01-05T00:00:00+08:00,3806.741,35.27137080808612,311.5602665100644,46.96845824948881,66.34819568173178,77.02406836762674,3.559637681593087,4.534758229267957,46.96845824948881,5.2144686003316,4.747397685072093
2010-01-04T00:00:00+08:00,3772.497,34.88859653897358,297.9729191233269,46.70895164140717,65.30922874154824,76.03332214195166,3.5222730992762195,4.494556266330297,46.70895164140717,5.149678733026945,4.718521001297874
2009-12-31T00:00:00+08:00,3795.33,34.86491344900456,380.82016384295986,45.5798683278626,66.00883966400652,78.04822195633591,3.544225078707625,4.469054866034868,45.5798683278626,5.175040758867583,4.673541412094133
2009-12-30T00:00:00+08:00,3772.419,34.669831035093544,376.42700552686216,45.20521480694964,65.41285288566374,77.407941051828,3.5256059019727677,4.4277958574307466,45.20521480694964,5.100390057392417,4.615213406109996
2009-12-29T00:00:00+08:00,3734.927,34.15526877354441,364.54492072333136,45.204527355834664,65.31257635086642,78.1434987966084,3.473279608706485,4.435235108471505,45.204527355834664,5.135767456075889,4.644376517292969
2009-12-28T00:00:00+08:00,3713.535,33.92145533269465,367.49076764378066,45.02257367908243,64.58058315582417,78.28429300995737,3.4495029122985508,4.415866366071409,45.02257367908243,5.108720561107315,4.609616990428584
2009-12-25T00:00:00+08:00,3655.804,33.426116949216166,363.1221074514029,44.37853131514766,64.11976116537275,77.06275661525144,3.3991315122620844,4.344526346689279,44.37853131514766,5.029985924297947,4.560187606572141
2009-12-24T00:00:00+08:00,3658.298,33.51392064433631,364.58663502541424,44.223777149638046,63.57727362755038,76.06457856076743,3.4080603479823197,4.326764219321148,44.223777149638046,4.994972075541036,4.511358441881715
2009-12-23T00:00:00+08:00,3548.464,32.61304940431728,338.49075179950233,42.91442191332484,61.670456796575515,74.20351971056829,3.3183278863219052,4.199157340330945,42.91442191332484,4.856184479538783,4.380069112675349
2009-12-22T00:00:00+08:00,3506.135,32.288814124178934,331.36276230182665,42.173277529959236,60.72385289629496,73.16344515141552,3.2886642138674365,4.1360922620228795,42.173277529959236,4.7579687921603435,4.293470326033995
2009-12-21T00:00:00+08:00,3603.73,33.05286274025823,343.5378298403957,43.22520006284355,62.666492625172,74.39739231024163,3.3664837129574736,4.262433370683552,43.22520006284355,4.8874188255492,4.432063080598848
2009-12-18T00:00:00+08:00,3585.263,32.93248026315908,346.54050222412604,42.6666828019698,62.57974228869929,73.63545609925058,3.3551845868954477,4.214070057885983,42.6666828019698,4.8339932404632,4.381574011858048
2009-12-17T00:00:00+08:00,3692.396,33.704321463107945,364.19137350347205,44.19878979518378,64.00590105200203,77.18260663616971,3.4344930156894815,4.370697675442929,44.19878979518378,5.021803098942623,4.532299701753779
2009-12-16T00:00:00+08:00,3787.963,34.49890582244533,375.9353189956123,45.57163118534399,66.54174068008605,78.48901117268375,3.515673571124425,4.506143539862422,45.57163118534399,5.167349909259459,4.686772658462129
2009-12-15T00:00:00+08:00,3809.267,34.72716789977176,369.90408324085655,45.83399232528389,66.94711616152746,78.27417606551845,3.5404035873309345,4.528496242632777,45.83399232528389,5.182042677879154,4.709846060292612
2009-12-14T00:00:00+08:00,3826.066,34.99285489358777,374.278688078276,45.854602898052974,66.4618777343675,78.44522501600137,3.5693660955073914,4.523846616836879,45.854602898052974,5.186157802800936,4.702827440162796
2009-12-11T00:00:00+08:00,3804.607,34.47179284731394,356.74640495728613,45.93884659175282,66.8744281129626,78.8314095695562,3.5162163537306403,4.529853458568651,45.93884659175282,5.191108773809179,4.710624175834421
2009-12-10T00:00:00+08:00,3806.538,34.521890674583965,354.2471595716694,45.93926349819885,66.67951718377381,78.82295006635977,3.5218481588280364,4.534547695352881,45.93926349819885,5.21201997837636,4.702553821347452
2009-12-09T00:00:00+08:00,3780.7,34.33398693147496,356.4784903173782,45.520035974668104,65.7817054519522,78.68618492627448,3.5038799087343144,4.4982817333418215,45.520035974668104,5.156998425769865,4.680331643316574
2009-12-08T00:00:00+08:00,3850.126,34.913772959937305,384.0904060343956,46.287627760468155,67.15913035415642,79.4647877541224,3.563845551290153,4.582322386228588,46.287627760468155,5.234284963222516,4.7541405978142866
2009-12-07T00:00:00+08:00,3884.311,35.252788203172884,399.6649761961881,46.38249829584719,67.03901913718023,80.41700339321216,3.5995193604065907,4.598369908911148,46.38249829584719,5.250432486270804,4.764994565084825
2009-12-04T00:00:00+08:00,3845.297,35.04330327196151,381.54119495784994,45.629312525256786,66.28342036140275,78.00550609414447,3.578687773545698,4.519837597466927,45.629312525256786,5.190877746216296,4.688676515463478
2009-12-03T00:00:00+08:00,3840.122,34.594122477156844,395.62136723382343,46.46729419219977,67.83339289623692,79.05398457083213,3.536221928287739,4.621225612221541,46.46729419219977,5.322277713782982,4.795588256541221
2009-12-02T00:00:00+08:00,3836.41,34.63218866869828,388.21724007401383,46.211751270406126,67.03677863317128,78.72603205502082,3.540693502385823,4.5837793062397125,46.211751270406126,5.280450318253369,4.774013962945864
2009-12-01T00:00:00+08:00,3791.642,34.257096317868445,393.3716653015961,45.64133145957718,65.8245003149557,77.58608896086096,3.5023451593928185,4.51889382657426,45.64133145957718,5.219932717855687,4.723687219231249
2009-11-30T00:00:00+08:00,3722.85,33.774336211652205,377.8779347915052,44.52908542094166,64.62610838142787,75.0511506828464,3.456777377078294,4.3979163678135205,44.52908542094166,5.099684362391159,4.582483535367864
2009-11-27T00:00:00+08:00,3578.88,32.71282762390082,353.1841386230481,42.89467415213048,62.000391392393865,72.93928285913191,3.347566826573463,4.221465735065862,42.89467415213048,4.888766603231118,4.41072660849631
2009-11-26T00:00:00+08:00,3682.675,33.53251386510159,347.59415287791666,43.96475591517293,63.835087952934636,75.19535946140181,3.430929557936733,4.336898817189354,43.96475591517293,5.024942799937847,4.505661823309978
2009-11-25T00:00:00+08:00,3835.935,34.74636133260218,381.11819830892813,45.91269097015379,66.71622507996399,78.28737940870442,3.5672155431844526,4.523014402916665,45.91269097015379,5.2175207951269815,4.7144661645221255
2009-11-24T00:00:00+08:00,3733.212,34.023177350931356,358.3151619423832,44.53276567910548,64.36611793734181,75.13614401600832,3.4929724641861366,4.362357602575806,44.53276567910548,5.057643351647651,4.558124809175871
2009-11-23T00:00:00+08:00,3885.249,35.27018563206414,391.2904926266303,46.7526618546567,67.78740743277268,78.61081745130514,3.6211005136292886,4.596201039732315,46.7526618546567,5.3233430276745555,4.833914801239625
2009-11-20T00:00:00+08:00,3837.741,34.932555815212964,382.98279681614844,45.91396843753503,65.97695259381018,77.5007677137775,3.586433888872918,4.515391651878371,45.91396843753503,5.228451262588601,4.729254462234965
2009-11-19T00:00:00+08:00,3837.633,35.02756346818271,385.71568294387674,45.613280691519336,66.02015595649749,76.75348132687917,3.596188075437843,4.48779751684725,45.613280691519336,5.193168515245406,4.692240862164606
2009-11-18T00:00:00+08:00,3809.3,34.83955282760197,368.9755174205232,44.94328937552332,64.82314560513623,75.59909113773492,3.5769629354164225,4.414468928914466,44.94328937552332,5.118415878102433,4.637128342119657
2009-11-17T00:00:00+08:00,3802.005,34.62885563017036,377.21121289533266,44.71058820390519,64.67515041065377,74.75700381522095,3.555787529362777,4.393030039196764,44.71058820390519,5.105119850507574,4.594026365651359
2009-11-16T00:00:00+08:00,3793.521,34.50423679223544,378.1342043880851,44.540551701061574,64.33196872534378,73.95019881749147,3.5448401018358586,4.371913066399219,44.540551701061574,5.083356001178507,4.582337242107431
2009-11-13T00:00:00+08:00,3690.362,33.583620674373954,365.6277303688965,43.508977371255625,63.06109210835243,72.1065571469538,3.45024590513481,4.270912283983313,43.508977371255625,4.971443545865753,4.482000823532843
2009-11-12T00:00:00+08:00,3663.307,33.42860373425048,375.4369937452752,43.082250408460126,62.23498727160008,71.83833271204728,3.4347848103790946,4.229490912654793,43.082250408460126,4.930730439498417,4.429756703648694
2009-11-11T00:00:00+08:00,3655.838,33.444839367370555,394.2812906036534,42.91759346101345,62.17642912360001,72.04317289490652,3.436763018822039,4.215358306258946,42.91759346101345,4.913712113474565,4.425087818227694
2009-11-10T00:00:00+08:00,3656.66,33.459889980580385,390.70154255312775,42.806599278192955,61.91398083361466,72.34891900117842,3.4433513782517475,4.202326682361478,42.806599278192955,4.877193426894969,4.401135045494678
2009-11-09T00:00:00+08:00,3648.862,33.39975312026774,396.3161373774294,42.70725549563261,61.49971248539525,72.21749085450793,3.4373188717973306,4.2037144922085075,42.70725549563261,4.868706089060519,4.393314778114638
2009-11-06T00:00:00+08:00,3631.105,33.27870018206444,426.94283402107055,42.4412774544457,60.606162577959545,71.65517375997985,3.424823125979336,4.172133760255424,42.4412774544457,4.829016273676438,4.361402188438218
2009-11-05T00:00:00+08:00,3613.436,33.15174226107288,435.7886841293399,42.220921570240456,61.06191720459535,71.52720373389849,3.411757458706896,4.1497647416506265,42.220921570240456,4.815810115062311,4.332497937127596
2009-11-04T00:00:00+08:00,3594.749,32.90868982726261,432.1935593013943,41.84676956552761,60.2415247879804,70.34774119939331,3.386744114083274,4.106041308863287,41.84676956552761,4.771633102977781,4.293818482060356
2009-11-03T00:00:00+08:00,3572.248,32.74977939017851,455.6122755298913,41.62557852547064,59.3929420405775,70.14837449557933,3.3703205314430456,4.07636205670178,41.62557852547064,4.7318990030892465,4.254893726615794
2009-11-02T00:00:00+08:00,3516.528,32.346408219834885,456.7094145412774,40.80646135319339,58.02807401608465,68.40135956008663,3.328946214994702,3.9858010945088087,40.80646135319339,4.638960965565282,4.158872480002442
2009-10-30T00:00:00+08:00,3401.143,31.822090568253465,500.6832084942663,39.87820530772748,56.971808760218515,68.33304754237403,3.253223273267651,3.879755961141369,39.87820530772748,4.515346973325868,4.044795288307029
2009-10-29T00:00:00+08:00,3363.699,32.02141400783583,544.9781023582876,39.43278762101857,56.4673860438165,68.50865428002996,3.2595762831310577,3.8475746108283277,39.43278762101857,4.438018234275595,4.000401821508984
2009-10-28T00:00:00+08:00,3441.458,33.18082707588002,681.2000274389828,41.23711739489837,59.43584056018754,70.45461456535003,3.3616554609855758,3.9402247030069684,41.23711739489837,4.544693302125447,4.098455164664083
2009-10-27T00:00:00+08:00,3421.181,33.15689506806153,709.3386565768346,40.857404808653264,58.63543191475057,69.21457456795173,3.3544462713564394,3.9053225238616283,40.857404808653264,4.513931758060057,4.076442468504754
2009-10-26T00:00:00+08:00,3520.365,34.42411391542381,721.4998304595614,42.21405488226354,60.21336523869645,72.08969902856546,3.459102600601301,4.026272876666343,42.21405488226354,4.663791931548129,4.163315000770586
2009-10-23T00:00:00+08:00,3516.716,34.81850154515202,1090.1948376289743,42.92913575245417,60.13117299728329,73.94765684938457,3.474503369708219,4.03568350443978,42.92913575245417,4.6747509483536245,4.173527693041904
2009-10-22T00:00:00+08:00,3455.617,34.19661383789011,1266.1976995696273,42.51417186005395,59.638790255562206,74.37883832413165,3.4114270967402534,3.984679129936885,42.51417186005395,4.618281053319493,4.143375863516533
2009-10-21T00:00:00+08:00,3467.129,34.42940003845837,1199.0446701697738,42.57040127717184,59.65375746392782,74.08538362387924,3.4337693681251857,3.9805977272433615,42.57040127717184,4.614484724412932,4.133702889646782
2009-10-20T00:00:00+08:00,3480.51,34.81164277671473,1300.2243044408117,42.89562442161977,59.94268448139999,75.2064192790594,3.451316049706365,4.0068454514958285,42.89562442161977,4.664171813114582,4.149155167886707
2009-10-19T00:00:00+08:00,3430.268,34.29138547093638,1326.3234901390704,42.330791557588554,59.6692999045494,74.27539070476568,3.4006856180170133,3.9563673249961773,42.330791557588554,4.600913301129134,4.097891746062409
2009-10-16T00:00:00+08:00,3343.783,33.566920544291115,1194.62098995785,41.41476060360204,58.27205356116359,71.70761290382195,3.329141099941113,3.864844798683076,41.41476060360204,4.494951047343763,4.0051645193702985
2009-10-15T00:00:00+08:00,3338.459,33.617784069881324,1341.9484552401655,41.29664421421449,57.82281642843907,71.85245069657388,3.3333455355874335,3.860750110114741,41.29664421421449,4.478462386324392,4.006520017427862
2009-10-14T00:00:00+08:00,3326.391,33.51278628535538,1305.0852798152466,41.13412735077508,57.902865519247314,71.76349511674576,3.3222489292534183,3.8419655442456886,41.13412735077508,4.451801649923159,3.960419891704319
2009-10-13T00:00:00+08:00,3296.149,33.198044500575804,1277.9449401582358,40.76282159743635,57.19833227797902,70.74263288840909,3.2910496683885726,3.8051778696496665,40.76282159743635,4.397814388676871,3.937868462395324
2009-10-12T00:00:00+08:00,3245.918,32.74931418189965,1242.6626156274003,40.18482906769673,56.48886141208327,69.92868999505592,3.2448092915999966,3.7415268255765186,40.18482906769673,4.32537225583695,3.879949842966607
2009-10-09T00:00:00+08:00,3249.01,32.89229055041182,1383.6915063347267,40.083095970247705,55.8294359815052,69.82989033880062,3.258871644955286,3.7261586891097225,40.083095970247705,4.311852231479705,3.8608871426783447
2009-09-30T00:00:00+08:00,3087.859,31.392774354686992,1212.098047359931,38.24409212895834,53.143564368122,65.82429528270157,3.1106032604219656,3.55031356746086,38.24409212895834,4.107412828256117,3.6886901672669965
2009-09-29T00:00:00+08:00,3055.641,31.090691460577126,1222.1039062015532,37.81389352269174,52.944323856261796,65.11378285405672,3.0806134579084157,3.518742463102181,37.81389352269174,4.066029529540223,3.642747669160788
2009-09-28T00:00:00+08:00,3075.565,31.253355198366545,1418.6795356182604,38.804396858333334,54.17882798594963,66.78871066973417,3.099225367753331,3.595880452593102,38.804396858333334,4.154910993018113,3.7227231316925726
2009-09-25T00:00:00+08:00,3165.241,32.12136870727811,1388.4455191330946,39.884855472295975,55.976545929366004,68.46232361064067,3.185300167867347,3.7092587042293683,39.884855472295975,4.2810648069846895,3.852505806382
2009-09-24T00:00:00+08:00,3190.0,32.29499771222216,1466.5677001332854,40.12507215658401,56.01407836014281,69.51169659454732,3.202512129941339,3.74169210957172,40.12507215658401,4.3114708081681385,3.8842764366585096
2009-09-23T00:00:00+08:00,3182.922,32.17699040454661,1399.281483823353,40.31713735317535,56.657364442169474,69.78589349335311,3.1908434550455467,3.766259052469056,40.31713735317535,4.3468856534551215,3.950282252406881
2009-09-22T00:00:00+08:00,3264.444,32.846494795930106,1324.8281629626103,41.41188002590298,58.838657381644026,72.20248566290172,3.257219341313011,3.8705331279891046,41.41188002590298,4.471472315077627,4.027059158300048
2009-09-21T00:00:00+08:00,3344.644,33.58964552486625,1247.743502294357,42.29100092764176,60.548300882562174,74.26835858752675,3.3281975396829275,3.969172638680961,42.29100092764176,4.570332439909925,4.136920002811499
2009-09-18T00:00:00+08:00,3321.822,33.50273934472066,1028.4018805738724,41.636089141479125,59.85489014409016,73.47049382812529,3.317388373975578,3.918072669514029,41.636089141479125,4.519845804155474,4.082960442655415
2009-09-17T00:00:00+08:00,3441.641,34.611544011834305,1151.1901249302393,42.943233786784475,60.47051403695339,75.92633206193449,3.4272020048739416,4.048709141800037,42.943233786784475,4.67013166423672,4.203921448157999
2009-09-16T00:00:00+08:00,3373.174,33.92933911033114,958.5244937877608,41.9359238831814,58.96633756637159,73.53168120516564,3.3496545245456693,3.9508739781785227,41.9359238831814,4.560336812160497,4.121638728758931
2009-09-15T00:00:00+08:00,3402.122,34.30429935330426,1014.4551424227126,42.01870226309595,58.96124154357402,73.46151685729599,3.3866251989263003,3.947413015794278,42.01870226309595,4.572017877886146,4.107865749846992
2009-09-14T00:00:00+08:00,3384.574,34.20132130065045,1213.962066517211,41.75801935394825,58.0695985193967,72.7970625447262,3.3770846633278424,3.9112960741890372,41.75801935394825,4.510765028318681,4.066224867948583
2009-09-11T00:00:00+08:00,3319.712,33.748733545560015,1274.7561832202389,40.830940315562906,56.96932712038564,70.91339722114957,3.3323955370534435,3.8194373367898256,40.830940315562906,4.4184791326528705,3.95868816352372
2009-09-10T00:00:00+08:00,3248.228,33.01919121532998,1147.6336527819788,40.20407106631966,56.73649515353872,69.87025396732464,3.257440777942855,3.7533179552156515,40.20407106631966,4.33750867170774,3.896064662354819
2009-09-09T00:00:00+08:00,3280.161,33.25159346627636,1306.1963252539717,40.55720583995497,57.119315680563616,70.8862813340263,3.2803772386401993,3.7910238153921254,40.55720583995497,4.37959953727037,3.9465683279302075
2009-09-08T00:00:00+08:00,3257.895,33.06933616050055,1323.0208235080697,40.32691731385252,56.205541218147474,70.50790128091602,3.2629190807931225,3.7689114569126048,40.32691731385252,4.353494830979383,3.9237844931985655
2009-09-07T00:00:00+08:00,3193.33,32.478387391024086,1287.5251685873873,39.64975201051254,55.814340252367145,69.27938501199844,3.2045719329852473,3.7085935477568572,39.64975201051254,4.28798975485158,3.8689493186802113
2009-09-04T00:00:00+08:00,3161.487,32.237964620913374,1167.6076050468228,39.258246254462634,54.9399440524916,68.98395053433534,3.181544559689882,3.672233108095455,39.258246254462634,4.245372281234333,3.821804109492719
2009-09-03T00:00:00+08:00,3126.89,32.02948184954541,1179.7962689886779,38.71620286475854,54.65395691837409,67.70289715902291,3.162429507299884,3.6209461201636968,38.71620286475854,4.152585541142618,3.753761749596214
2009-09-02T00:00:00+08:00,2968.885,30.552994461593237,961.0740677427752,36.974056829471806,51.88488640608374,64.51519596811352,3.016644069717924,3.453250839564337,36.974056829471806,3.9631144949338752,3.5839925184245836
2009-09-01T00:00:00+08:00,2930.153,30.15189292548469,795.5464341333688,36.639180546833195,51.561082576254236,63.92574045339182,2.977075874922627,3.428263454422008,36.639180546833195,3.939348503347725,3.5687644038562567
2009-08-31T00:00:00+08:00,2927.963,29.895725488258247,666.3020581910429,36.76002930914781,51.95545253048094,64.21828324274371,2.963942175120302,3.4491203790677827,36.76002930914781,3.9865080926950083,3.580520629894342
2009-08-28T00:00:00+08:00,3149.912,32.0690842498554,817.5680850103848,39.93642985266239,56.55798368221079,68.58085702686668,3.202122756302434,3.7225987473832856,39.93642985266239,4.273618472648857,3.852778928818038
2009-08-27T00:00:00+08:00,3255.571,32.42739324647334,609.9777116581139,40.96824020721348,57.17318386720458,70.08932985875998,3.3052742095133754,3.8295150182764073,40.96824020721348,4.4042356658485975,3.9410583357099114
2009-08-26T00:00:00+08:00,3256.392,32.40870708147945,583.0552935654991,40.71326396098079,56.52871367073152,69.91751540969916,3.322173190676503,3.7874247897083504,40.71326396098079,4.365419728774026,3.9463190115542206
2009-08-25T00:00:00+08:00,3182.041,31.9157621359005,517.0516168772089,39.51886141532721,54.80309336868061,67.15825016720218,3.272432035418407,3.672256984762648,39.51886141532721,4.2395758794162,3.876581858790616
2009-08-24T00:00:00+08:00,3281.764,32.61193382516285,520.7978269014271,40.386590269600866,56.97196410678297,67.27255127605983,3.3658299434756342,3.755248956708921,40.386590269600866,4.320664217354474,3.86712423768899
2009-08-21T00:00:00+08:00,3241.171,33.161181873874256,499.1094990071702,39.8745318945635,55.86529143695558,66.47020190654119,3.3567849945930157,3.694100913977164,39.8745318945635,4.238484717692982,3.7888125063432296
2009-08-20T00:00:00+08:00,3171.941,32.42226583566683,418.94269654372545,38.90065517329538,54.81641689846782,64.55243336938874,3.3113442681411027,3.5953046301163893,38.90065517329538,4.115903844489694,3.7156696556794824
2009-08-19T00:00:00+08:00,3044.722,31.044468777401946,355.6323042880667,37.52725120364146,52.50917505399661,61.953789944499675,3.1812738171322343,3.4643076521964473,37.52725120364146,3.9640981674994085,3.5924021471479457
2009-08-18T00:00:00+08:00,3204.47,32.44753121865097,388.70127024585554,39.47973815012295,55.722654337471134,65.48495869961957,3.325885611835331,3.6706441316023524,39.47973815012295,4.185425812843336,3.782949135289245
2009-08-17T00:00:00+08:00,3164.739,31.802780375404154,327.6093379333272,38.91170895922683,54.47814479797128,64.52334404965396,3.2840948435443593,3.6010045470623964,38.91170895922683,4.114639653806828,3.716390082754085
2009-08-14T00:00:00+08:00,3378.481,33.729800842889425,337.6811285587102,41.64080592077746,59.15953750598753,69.14734748374158,3.4978136106114697,3.865887605067075,41.64080592077746,4.428862899034056,3.990519077957387
2009-08-13T00:00:00+08:00,3494.981,34.77526001231003,406.7073033947908,43.49327133402433,62.5438834932989,72.28649938243025,3.606075123731884,4.069576391881564,43.49327133402433,4.632159296054691,4.169071058091628
2009-08-12T00:00:00+08:00,3461.812,34.39793840604638,367.6719014193712,43.39901132997753,62.37159010447774,72.54086357392367,3.5647297115422854,4.054053162040965,43.39901132997753,4.600005462131746,4.154370606137214
2009-08-11T00:00:00+08:00,3625.637,36.18275283773705,401.7352905550864,45.64291762135154,66.30830548568443,76.66074319517934,3.7405413795451112,4.271014139942229,45.64291762135154,4.85378561261754,4.352571279974934
2009-08-10T00:00:00+08:00,3610.551,36.03753655165408,385.4495413723312,45.42137816729322,66.15920804605678,76.90362519493506,3.726282476093762,4.251911904836828,45.42137816729322,4.822885532483743,4.358468625088145
2009-08-07T00:00:00+08:00,3607.861,36.03153960515769,364.82952501415804,45.1121107116674,65.58461839679791,75.22515799783623,3.7392085638532087,4.214631883907259,45.1121107116674,4.788725747372399,4.28958032718447
2009-08-06T00:00:00+08:00,3716.635,37.12390468067893,382.2628243605962,46.301110134483146,67.85708589753183,77.48367152038264,3.852475258357667,4.338942903257542,46.301110134483146,4.942182435861464,4.393974019985415
2009-08-05T00:00:00+08:00,3787.101,37.88764493066976,380.5311150491873,46.95012825145684,68.6919114389169,77.35424445214147,3.931653414468175,4.408548973109036,46.95012825145684,5.021687208121966,4.486282986424687
2009-08-04T00:00:00+08:00,3817.526,38.32574685794941,379.76879772373763,46.87950317211448,68.44263493693624,76.51870716870198,3.9771416910772857,4.4019717658554125,46.87950317211448,5.009425277350592,4.482361889910138
2009-08-03T00:00:00+08:00,3805.8,38.26410658456421,370.0468586236535,46.407647262827396,67.76854991381123,76.05384739322501,3.971932275578906,4.356557083936549,46.407647262827396,4.954070799773178,4.443666849515459
2009-07-31T00:00:00+08:00,3744.916,37.689173084439076,367.3308313035436,45.57551467912385,66.54969343648719,75.21393779447298,3.9164395278286666,4.25788207510839,45.57551467912385,4.859464806765415,4.355594066406199
2009-07-30T00:00:00+08:00,3640.817,36.70373441677211,355.7031835380671,44.33514263773945,65.08082537318028,73.06847933642072,3.813665625182587,4.131842372737957,44.33514263773945,4.734668358461345,4.233385176766915
2009-07-29T00:00:00+08:00,3575.585,36.023596571881306,326.1478465591441,43.84341048264982,64.68015615260627,73.11629441742238,3.745447121068751,4.085984380239174,43.84341048264982,4.684994745100055,4.190196302008413
2009-07-28T00:00:00+08:00,3785.218,37.86979633789637,366.44670209000856,46.68822910339378,68.53704108836627,77.52111940447004,3.938142855313352,4.3545981943477505,46.68822910339378,4.974442080955788,4.448043488510769
2009-07-27T00:00:00+08:00,3762.926,37.775459909113046,370.62424620478146,46.26540480000119,68.06900260977731,75.77150424725026,3.9306643841366578,4.296884613244292,46.26540480000119,4.928154033612203,4.398900584728798
2009-07-24T00:00:00+08:00,3690.39,37.04711505415674,362.6766916378341,45.46741940665436,66.3797250777957,74.59172508572819,3.8583422944542485,4.219261731428577,45.46741940665436,4.8398591797829145,4.30056426477834
2009-07-23T00:00:00+08:00,3685.925,36.68775449826052,364.25955606057386,45.66721766169404,66.6597486610286,75.59491453428738,3.820449998645764,4.2407511093144885,45.66721766169404,4.8747860771607225,4.358199499570179
2009-07-22T00:00:00+08:00,3643.337,36.32347234232935,369.7045573565362,45.27848122889724,66.03697509738856,75.65069735364803,3.780624739300752,4.201481758604688,45.27848122889724,4.839210051297708,4.282882894885178
2009-07-21T00:00:00+08:00,3577.852,35.51619215783294,359.86353557003196,44.602950662942334,65.54664820685174,74.08772694325704,3.696928620018372,4.133853234059545,44.602950662942334,4.7643034676870775,4.233624556505748
2009-07-20T00:00:00+08:00,3640.797,36.11326447587732,366.88486257058236,45.638913046079765,67.06215246210824,75.71587473290181,3.7594572567000846,4.242650778803806,45.638913046079765,4.850823993462045,4.335378225595365
2009-07-17T00:00:00+08:00,3571.811,35.3011303082826,346.91387312643917,44.68803579762903,65.84554143852935,75.104008380701,3.6758833402962443,4.161811288404445,44.68803579762903,4.757221664505877,4.251229520192944
2009-07-16T00:00:00+08:00,3552.11,35.23379792760122,340.5248155712445,44.41889969807491,65.18690135930667,73.93472766779139,3.6704866148418085,4.1302489064965835,44.41889969807491,4.735767111427973,4.24923518020618
2009-07-15T00:00:00+08:00,3551.519,35.25344976185042,359.8426298181743,44.6979268045974,65.48102877262683,74.16781775692135,3.671255516320522,4.151587689917263,44.6979268045974,4.771565856137141,4.250522375324195
2009-07-14T00:00:00+08:00,3514.645,34.81674244557074,351.98153212468674,44.27164631463026,65.30622626715282,73.66765347910612,3.628312619420349,4.11109774776193,44.27164631463026,4.724202245840114,4.230148935651826
2009-07-13T00:00:00+08:00,3430.716,34.08472940736517,352.8650871542641,43.49910684509115,64.39481049467088,72.07461587235717,3.5552123455371603,4.041963656585154,43.49910684509115,4.6484931082659475,4.140446250413665
2009-07-10T00:00:00+08:00,3447.9,34.36946428265378,395.9386331512261,43.25232463721747,63.85209769290769,71.94896169526065,3.5880794637190587,4.021262641927213,43.25232463721747,4.636012533941234,4.140542602664233
2009-07-09T00:00:00+08:00,3441.916,34.41385225639274,397.3972868074595,43.05957907450704,63.240608633565586,72.17119373081762,3.5923217959472065,4.003548827673454,43.05957907450704,4.618412974057977,4.122497625237714
2009-07-08T00:00:00+08:00,3391.019,33.980378261207704,374.4750067170437,42.23836274208968,62.17954421766557,70.3169682584936,3.546846294926752,3.9298187594032834,42.23836274208968,4.5223753389338155,4.033711128022772
2009-07-07T00:00:00+08:00,3371.109,34.07182817701368,372.45819743364,41.7984273639649,61.2444616302191,69.92868999505592,3.5561890397923195,3.8922989779620916,41.7984273639649,4.46440639484162,3.9765935548934754
2009-07-06T00:00:00+08:00,3394.323,34.45328656457066,412.2029422649957,41.69879095963808,61.36091285275429,69.23527104728787,3.595179447990422,3.884809634493828,41.69879095963808,4.453168619514421,3.9527129126006275
2009-07-03T00:00:00+08:00,3359.212,34.026717526571666,413.919120426457,41.50118063132881,61.446236257992396,69.92868999505592,3.550296766155446,3.8609013082140424,41.50118063132881,4.439346333634931,3.9619010212097407
2009-07-02T00:00:00+08:00,3316.668,33.7086968362809,420.8662736272003,41.186783004589216,60.606388261604025,69.24968123233434,3.515786088475199,3.8277777315675556,41.186783004589216,4.38983359141054,3.921008373822703
2009-07-01T00:00:00+08:00,3274.971,33.147048423679294,408.59205524733926,40.78264677946,60.14540615937796,68.58673333518782,3.456680056352909,3.7900451322380126,40.78264677946,4.3311807633773345,3.8819286457757696
2009-06-30T00:00:00+08:00,3212.585,32.60363020241889,397.9539833995274,40.41760666807581,59.3366531821019,67.39705636245007,3.3946385589409203,3.7522853366466173,40.41760666807581,4.292650984956154,3.858988642382413
2009-06-29T00:00:00+08:00,3229.269,32.81111049485929,388.26762785381845,40.72053842574526,59.77376092858253,68.14549003232935,3.4157106694161103,3.784758297099428,40.72053842574526,4.30601054976467,3.880176763080223
2009-06-26T00:00:00+08:00,3187.127,32.37769048378544,376.59151806002643,40.410234840707034,59.41604084475642,68.25726129368745,3.370414742932421,3.759077213346235,40.410234840707034,4.292780620991669,3.876516503610735
2009-06-25T00:00:00+08:00,3174.649,32.31458258552959,375.0093376734261,40.25759104312124,59.51238424251314,68.00551374230773,3.3471638579128773,3.743992979011909,40.25759104312124,4.284153424989689,3.8540317363418533
2009-06-24T00:00:00+08:00,3176.689,32.27215417077798,384.72761775744794,40.26017536951571,59.53922371461416,67.78475281588463,3.342749855990027,3.7478868445711124,40.26017536951571,4.276777253651655,3.8538732453290834
2009-06-23T00:00:00+08:00,3139.988,31.990342895046478,363.6264570444917,39.776282674205014,58.82646399460676,67.33073015775948,3.3035976678249344,3.7002517225610103,39.776282674205014,4.2318402047337,3.825298284295956
2009-06-22T00:00:00+08:00,3141.733,31.953837489693743,385.2089680624066,39.869882399794726,58.91365447417524,67.48449627682409,3.2984280763381375,3.703909365832498,39.869882399794726,4.239348401871305,3.8202344034258253
2009-06-19T00:00:00+08:00,3147.732,31.782154497212204,423.28157562241284,40.14298969663167,59.1318411076471,68.09238919952891,3.2749666508399837,3.725077840777255,40.14298969663167,4.2485174455470744,3.8366880735981037
2009-06-18T00:00:00+08:00,3130.471,31.509252294344073,386.7573195182854,39.95370353975502,58.99656874958542,68.39930175294371,3.2466755415077584,3.7101590843801864,39.95370353975502,4.232356727808608,3.8404922622506064
2009-06-17T00:00:00+08:00,3089.837,30.993530411259737,358.75294729625773,39.63517817866618,58.58991398091988,67.54986945845407,3.1924143487294785,3.6838701586922755,39.63517817866618,4.226501473475895,3.797439433773561
2009-06-16T00:00:00+08:00,3040.812,30.608877740292186,344.5495399885484,39.05090922251937,57.776512789975435,67.06929385206537,3.1529874905092754,3.6356763078561527,39.05090922251937,4.164998705376367,3.75358658095249
2009-06-15T00:00:00+08:00,3046.43,30.7457099933049,348.2673856079718,39.1291556130709,57.877675066537385,66.7343741937134,3.1663565979509856,3.6418767339389193,39.1291556130709,4.169218313587545,3.7588054257946752
2009-06-12T00:00:00+08:00,2990.847,30.13522463875406,344.4385885383311,38.62272790798971,57.04529303276144,66.12814727439739,3.098041179380223,3.585488886643435,38.62272790798971,4.098533006554595,3.6821325683755783
2009-06-11T00:00:00+08:00,3049.767,30.734489692340567,367.2135589824124,39.43110750357395,58.280842677758805,67.328906792542,3.154756133499774,3.664122817831081,39.43110750357395,4.16323994888099,3.7792581360571043
2009-06-10T00:00:00+08:00,3075.31,30.934256536485744,362.5150369466391,39.68979825742006,58.68316985202492,67.17511290112562,3.171915736693777,3.69254144854511,39.68979825742006,4.198892974038328,3.8113335364723198
2009-06-09T00:00:00+08:00,3044.493,30.584792105190097,357.98324660732175,39.1780564618902,58.28036376019869,66.10689444714232,3.141052899292541,3.6423854407083613,39.1780564618902,4.151842688329924,3.763551480435806
2009-06-08T00:00:00+08:00,3030.695,30.329046754346003,395.83851320202945,39.019398823211574,57.74439503993881,66.04266401561104,3.1144428267081254,3.623453335907533,39.019398823211574,4.13468280662628,3.7473133052076935
2009-06-05T00:00:00+08:00,3025.204,30.045204370770474,392.6705015676464,39.132134410886735,57.582531335479324,66.37679331297457,3.0908758233023192,3.617127210836145,39.132134410886735,4.126229104625674,3.7436295632545025
2009-06-04T00:00:00+08:00,3039.713,30.20568779817802,410.0761757524678,39.333307651600094,57.994225174058315,67.38588842448873,3.1044881922643013,3.6304902809356476,39.333307651600094,4.141963895498779,3.769251044100914
2009-06-03T00:00:00+08:00,3031.618,30.290781376081952,447.64567873347977,39.42855120713,58.59574136165186,67.77833015636735,3.0895123407410066,3.6368168941995975,39.42855120713,4.144745643718207,3.797374896743701
2009-06-02T00:00:00+08:00,2972.046,29.6900363055959,459.84447912874964,39.00776045299519,58.05717593159519,67.8402522537349,3.0270047780866935,3.602001481088921,39.00776045299519,4.085545214697042,3.7652512778564393
2009-06-01T00:00:00+08:00,2962.08,29.644006793511892,471.9355960978769,38.822269308002966,57.58112954723668,67.01386685617385,3.021845577906063,3.5832347826009165,38.822269308002966,4.0676805332170325,3.7333462942345585
2009-05-27T00:00:00+08:00,2877.983,28.739691941057387,437.8410243341165,38.11416313583203,56.587981090401186,65.62760768236582,2.91863752278895,3.521803261427248,38.11416313583203,3.994471705873236,3.670069128526009
2009-05-26T00:00:00+08:00,2849.307,28.296703270044826,438.91472483636414,38.00721427847036,56.56386520544315,65.62694551916698,2.8706063388194405,3.514581950226701,38.00721427847036,3.9856290629024946,3.670069128526009
2009-05-25T00:00:00+08:00,2869.116,28.513202089639037,462.87303740164117,37.9798274533648,56.20980900168585,64.25212055982804,2.892909114389906,3.5080598238791563,37.9798274533648,3.995159297930222,3.651127015395679
2009-05-22T00:00:00+08:00,2857.599,28.446293433552942,1430.5841220477034,37.99739487330975,56.05702102919961,64.27140767129237,2.8806414011813053,3.523313779585015,37.99739487330975,3.9619449155866273,3.6529586565766734
2009-05-21T00:00:00+08:00,2863.083,28.557206951841703,1478.8541772906613,38.058773415764705,56.185410405392126,64.38465525165124,2.8918990750286517,3.517381839104575,38.058773415764705,3.9718734143060157,3.643341516112554
2009-05-20T00:00:00+08:00,2924.227,29.034451665427365,1426.9380095281622,38.89886822494869,57.25927278302374,65.52552889007379,2.9398668328852455,3.5859298884222586,38.89886822494869,4.062499330249459,3.7179159937934894
2009-05-19T00:00:00+08:00,2948.829,29.283247742431936,1431.9542746986542,39.16640012486215,57.55178572813534,66.34018108619551,2.964862843048237,3.609573608314572,39.16640012486215,4.083549370579429,3.7169505909240064
2009-05-18T00:00:00+08:00,2919.781,29.023009227993278,1114.78936707962,38.64687784893144,56.922688500671505,65.88538878512325,2.9385582865604705,3.5760065025190073,38.64687784893144,4.040663370398528,3.663516750897814
2009-05-15T00:00:00+08:00,2902.917,28.922149522380053,1477.851242471102,38.39760403600788,56.726157695485455,65.68090376626138,2.925438468297903,3.5467608287210113,38.39760403600788,3.9980680208950883,3.613923455511883
2009-05-14T00:00:00+08:00,2893.228,28.84265132307361,1468.2948491841908,38.170697490096416,56.48183862875419,65.01702412460796,2.9171060129606228,3.523731655139121,38.170697490096416,3.964720377778594,3.6070680057324283
2009-05-13T00:00:00+08:00,2904.797,29.081604593220277,1701.0600814067716,38.13656493791505,56.117613640783865,64.59934054444683,2.9410667531268553,3.5165630643911236,38.13656493791505,3.9557769648634884,3.585927832340278
2009-05-12T00:00:00+08:00,2880.444,28.643494412978352,1951.6418691316214,37.814369066352285,55.489957843896505,64.22333146325306,2.8997054280544545,3.482532400422726,37.814369066352285,3.9080680958628116,3.548613420179582
2009-05-11T00:00:00+08:00,2814.346,28.19859840238695,1800.9082243493751,36.99666877680786,53.993512633095534,63.05700634677916,2.8546072364960753,3.3960702004027388,36.99666877680786,3.8335770888133216,3.4691875530558893
2009-05-08T00:00:00+08:00,2893.888,28.760425369207443,2194.3369282856775,38.32795473037841,55.6771320188464,65.28848530036072,2.9127048526315864,3.52555652321202,38.32795473037841,3.9710272943867135,3.595270360600872
2009-05-07T00:00:00+08:00,2875.712,28.458889510305802,2985.97745726313,38.20274808972959,55.80067544487356,65.10991411723852,2.8866403806385006,3.5081168648781524,38.20274808972959,3.9746113259292137,3.6042337132077478
2009-05-06T00:00:00+08:00,2880.148,28.407700768882155,2120.6327321665203,38.41613727355373,56.028589110613204,65.6938015344232,2.8817369143134273,3.522310136863001,38.41613727355373,3.9878135598543514,3.62782772969458
2009-05-05T00:00:00+08:00,2839.911,28.02562441256122,1692.139697220572,37.84139205350599,54.94240992754376,64.53131602673542,2.853499882151937,3.468088625981943,37.84139205350599,3.914072974135483,3.584103489192243
2009-05-04T00:00:00+08:00,2821.325,27.925665207407256,2583.970989395153,37.488460535912985,54.29958043710427,64.13165408529642,2.843513688536012,3.4294278294909435,37.488460535912985,3.8787568415324625,3.533207615702544
2009-04-30T00:00:00+08:00,2727.974,26.864680301588997,258.90295219675187,36.25553501425722,52.6923974398427,62.05370380182188,2.7510386227729806,3.2690068594522987,36.25553501425722,3.7295166575360974,3.4208619990787184
2009-04-29T00:00:00+08:00,2703.398,25.443818501428296,148.6874807217333,34.17555735794569,51.90897254358458,60.12230587942798,2.7408891934534734,3.209784240807277,34.17555735794569,3.683969429704041,3.361222421355953
2009-04-28T00:00:00+08:00,2621.769,24.319098776937356,124.55835488244936,32.87984695130214,50.249231838624794,56.17275050534833,2.6891040529239323,3.1250198503019515,32.87984695130214,3.584819437346839,3.298325876034225
2009-04-27T00:00:00+08:00,2606.818,23.80479425983315,106.86156187512387,32.43334863353805,49.37411500193228,52.670532744185195,2.7180077610140585,3.0871891453651727,32.43334863353805,3.544731565879621,3.2601208653778797
2009-04-24T00:00:00+08:00,2682.454,23.652020627793707,97.35680378013052,33.652905194022814,51.079203694829594,52.37620510751976,2.7818596534293403,3.2250817743512448,33.652905194022814,3.7032835510991706,3.384503701347358
2009-04-23T00:00:00+08:00,2702.748,23.71462865032209,92.44298597876139,34.13968800899491,52.06610019303953,52.06344328732603,2.802052134423002,3.2472590165323716,34.13968800899491,3.739410861439827,3.421872463716588
2009-04-22T00:00:00+08:00,2685.055,22.80590404612081,84.72402990107001,33.74772160980238,52.05126629224273,50.47132664697502,2.794546484072999,3.1938147089562428,33.74772160980238,3.7116422976506582,3.3708400524139734
2009-04-21T00:00:00+08:00,2800.448,23.462330554236914,86.92949360921835,35.329689602542224,55.19302999797853,52.66326665523565,2.8832705426125433,3.354758182608269,35.329689602542224,3.899589379501894,3.562848404114402
2009-04-20T00:00:00+08:00,2824.61,23.492094372613817,84.79026796028533,35.24287743658829,54.94537152085783,52.15307205220645,2.911119587887662,3.3597985130858463,35.24287743658829,3.9186568821403855,3.5871671131136784
2009-04-17T00:00:00+08:00,2761.419,22.783121922345,78.9192888770411,33.78556572796072,52.256243762557425,49.758677485665125,2.8553502345315405,3.272443175097097,33.78556572796072,3.8305314170017115,3.4841648213525804
2009-04-16T00:00:00+08:00,2799.767,22.480101203804146,76.75941803115768,34.10522667509463,52.81369909731475,50.71035281939917,2.882392553727953,3.3142957539880062,34.10522667509463,3.8865308776598844,3.5442900148259318
2009-04-15T00:00:00+08:00,2796.368,22.270485252754053,74.18478945386043,33.759657110797505,52.30150466752422,50.23491691924397,2.885208011499708,3.29659062287253,33.759657110797505,3.8661271000966924,3.5247962803168735
2009-04-14T00:00:00+08:00,2775.987,21.905850581094896,72.07492697739963,33.35492676076881,51.50566676660589,49.364474284475286,2.8727879481939893,3.2847766078617604,33.35492676076881,3.8103681204993705,3.469202622062853
2009-04-13T00:00:00+08:00,2746.578,21.719116445659115,70.29693316144682,32.71710568569845,50.67231400305156,47.965310816113565,2.8527850912347295,3.2342376081182076,32.71710568569845,3.7383422426438297,3.398835260039087
2009-04-10T00:00:00+08:00,2691.621,21.084091746653392,67.97266404229963,32.027184128976444,49.99297418862819,47.426327697168716,2.7810786421342035,3.1829732132442103,32.027184128976444,3.6855856811978986,3.3391208120111306
2009-04-09T00:00:00+08:00,2610.251,20.447654424971915,63.51374413026449,30.923730358121514,47.972852843352165,45.100143031254845,2.707871278848808,3.0871327547596623,30.923730358121514,3.5755409058672547,3.2470933488365015
2009-04-08T00:00:00+08:00,2568.446,20.05507500971681,61.05654777408667,30.306099412416224,46.894108046711686,43.69781727127403,2.6685512011286385,3.032927273310916,30.306099412416224,3.500568560258149,3.1772284464707408
2009-04-07T00:00:00+08:00,2665.37,20.806751512872562,63.25485307450978,31.154326456211834,47.9199219456261,44.97361317106714,2.7711264049791704,3.143451208693509,31.154326456211834,3.629976797760896,3.2898485769015773
2009-04-03T00:00:00+08:00,2649.794,20.632939910740774,62.3409212157687,30.769921341531383,47.5287740414703,44.41701724443293,2.750538752122569,3.1074095962240826,30.769921341531383,3.5860731096507688,3.234576282843513
2009-04-02T00:00:00+08:00,2661.136,20.653788041614174,62.60128839865717,31.12271342532603,47.63787961656852,45.012997247737104,2.754286045231609,3.1377477592102285,31.12271342532603,3.6002912009924324,3.2524038963935222
2009-04-01T00:00:00+08:00,2639.586,20.46999610449948,61.87081193817252,30.949571401882007,47.415667727386975,44.74086745782554,2.732588429852978,3.1295832530053365,30.949571401882007,3.5665384934956337,3.2641458268394397
2009-03-31T00:00:00+08:00,2597.746,20.338273899626742,60.57915817308927,30.36848730105957,46.718218453738785,44.46443777612683,2.696043738268115,3.071347565597578,30.36848730105957,3.49725216185048,3.2058960820513973
2009-03-30T00:00:00+08:00,2572.311,20.09929126425177,57.70898212963896,29.775003032601674,45.73764978044128,42.93023190893027,2.6821126710003136,3.0463646349850393,29.775003032601674,3.4834521309151585,3.189507225001556
2009-03-27T00:00:00+08:00,2580.206,19.8339760372948,55.80940444939047,29.31198586615903,45.43866980099172,42.74091967437499,2.7125718312414224,3.0345625093983384,29.31198586615903,3.4702128279677646,3.1603688511426236
2009-03-26T00:00:00+08:00,2559.897,19.640442967320155,54.04220432025766,28.695402181578697,44.657467924374586,41.06391130607338,2.694420787291538,3.0008326208811136,28.695402181578697,3.4183583860024753,3.1244485218479108
2009-03-25T00:00:00+08:00,2485.92,18.856464237210652,51.97238402760805,27.76601700691047,43.16723225036843,39.58201590672529,2.6500777603983856,2.9259163393683383,27.76601700691047,3.3483348114191926,3.061829323346328
2009-03-24T00:00:00+08:00,2541.948,19.09411388405701,53.253453002910696,28.336812597624387,44.076150848454176,40.37727932462852,2.7096454813675424,3.00116763331309,28.336812597624387,3.423679900125768,3.130285098335421
2009-03-23T00:00:00+08:00,2527.331,18.9297492023316,52.68543904380238,27.946374443504414,43.13100414555086,40.09775343008985,2.694966884507049,2.9793930774823227,27.946374443504414,3.3944236583336345,3.092013659527388
2009-03-20T00:00:00+08:00,2469.374,18.5523389123196,51.34566248226658,27.226568502240877,41.83050427326269,39.18682466586196,2.643687593251111,2.9174004688338986,27.226568502240877,3.3228398819311615,3.038978707340772
2009-03-19T00:00:00+08:00,2475.198,18.388130552673577,50.49000839245039,27.02700235486498,41.30359263745346,39.10027234244694,2.6310215981014995,2.9312776936453595,27.02700235486498,3.3500205376928878,3.052769970214152
2009-03-18T00:00:00+08:00,2423.247,18.059709316817614,49.215210182716724,26.384924689967974,40.50073246824866,38.21313574030742,2.586455249238032,2.866102591541332,26.384924689967974,3.2701264551184304,2.9844762523825556
2009-03-17T00:00:00+08:00,2407.269,17.99479559273702,48.76668831736979,25.916196091479144,39.81471995846986,37.88073162873067,2.578672368454887,2.8353558008726707,25.916196091479144,3.2283851875449523,2.954206582798701
2009-03-16T00:00:00+08:00,2323.472,17.445321381797655,46.31170711151041,24.934876338641125,38.57460950383322,36.59938416382307,2.5019284947280136,2.7351827847989303,24.934876338641125,3.1228172049957794,2.85445405436523
2009-03-13T00:00:00+08:00,2287.796,17.234574112095334,45.35037126277721,24.534055020344574,37.784594744558156,36.07324662028273,2.4729475313058775,2.69525682134998,24.534055020344574,3.084710372879822,2.80200105179439
2009-03-12T00:00:00+08:00,2302.142,17.271546868187475,46.05329369433486,24.70806660765551,37.863271760353506,36.28637736254474,2.4783829088249667,2.722554897020078,24.70806660765551,3.108783854972954,2.84731962142164
2009-03-11T00:00:00+08:00,2302.716,17.30478822299311,46.19508088964273,24.63713488044017,37.41508858255315,36.399674725290424,2.483150105007994,2.7148793180180157,24.63713488044017,3.0975245892571106,2.8219814641038954
2009-03-10T00:00:00+08:00,2319.933,17.447133527455218,46.39574748925197,24.713017039498535,37.543191900362764,36.0759795666236,2.5049513715676457,2.7251177060055376,24.713017039498535,3.1133897692573047,2.837528010959179
2009-03-09T00:00:00+08:00,2274.788,17.01908804483477,44.53544621524107,23.927661440614205,36.61682773156175,35.16658313412265,2.461467218175517,2.6559493863545405,23.927661440614205,3.0343755545480335,2.7699278059948904
2009-03-06T00:00:00+08:00,2367.206,17.61587071501527,46.3681269200654,24.866634876751913,37.74672746880455,36.56497655277381,2.54860188972591,2.7764393744940916,24.866634876751913,3.161492072159689,2.8974098040673013
2009-03-05T00:00:00+08:00,2385.691,17.843541803081806,46.89823370365564,25.046124534950167,38.00899513684324,37.02465077118558,2.5805558737987124,2.792191926296677,25.046124534950167,3.1805418353329555,2.899069191236282
2009-03-04T00:00:00+08:00,2365.744,17.64663471710661,46.50192899532469,24.79457183293425,37.75739912824623,36.951964474477215,2.552696123793992,2.759902708210298,24.79457183293425,3.153274076575872,2.885618486813301
2009-03-03T00:00:00+08:00,2222.497,16.630593073242263,43.235340027601154,23.306213272858415,35.624759621312435,34.95436717623095,2.4058854242018577,2.5976559027411485,23.306213272858415,2.9724743403962934,2.706026233806255
2009-03-02T00:00:00+08:00,2231.845,16.74318690242484,40.62748113262001,22.913298616608852,35.38293774031189,34.581567635494906,2.4281495728947844,2.579103875138259,22.913298616608852,2.952582437848776,2.6908537361037137
2009-02-27T00:00:00+08:00,2196.87,16.598779216978723,39.127235605179365,22.351318892129125,34.372498241709785,33.61465690371267,2.4124539854865663,2.5203701499023605,22.351318892129125,2.8900685878252688,2.641319730858736
2009-02-26T00:00:00+08:00,2275.221,16.944582278502434,41.73739704096536,23.65013756531207,36.77726462211107,35.5401312601078,2.463119038267058,2.6929031323301866,23.65013756531207,3.0831374622262193,2.819284513636596
2009-02-25T00:00:00+08:00,2411.116,17.658517858765883,45.676037709946726,25.282268337055054,38.99039264896237,38.065753824160964,2.567529955858604,2.8903520648503545,25.282268337055054,3.301840372238191,3.010977620529395
2009-02-24T00:00:00+08:00,2403.452,17.608565547160385,45.62964055456177,25.185474317446094,38.53320312893188,37.425373055123586,2.559880535072178,2.8622104842454403,25.185474317446094,3.2755964046852113,2.9911352287738793
2009-02-23T00:00:00+08:00,2512.419,18.434987068220384,47.96553210648606,26.289535941577167,39.68097492746162,39.62035712165762,2.680335410620348,2.983718983751877,26.289535941577167,3.4120599115916845,3.120914822991537
2009-02-20T00:00:00+08:00,2439.837,18.059725140453338,46.127844729444206,25.41443635289024,38.08908526376392,38.29663286666219,2.626311655804404,2.881651394481144,25.41443635289024,3.3049124674614445,2.999652813216119
2009-02-19T00:00:00+08:00,2382.709,17.757219407882413,44.23538137311901,24.531044209219576,36.749867238208175,37.06197663013782,2.5826821056951186,2.7886027967917686,24.531044209219576,3.203055542692302,2.9208545078013
2009-02-18T00:00:00+08:00,2351.262,17.595052686545568,43.069843294321984,24.10770443894999,36.12689005646716,36.397206877876684,2.5596734974922652,2.730355817379762,24.10770443894999,3.134837513450591,2.8550443346222334
2009-02-17T00:00:00+08:00,2457.503,18.44503769933665,45.31387158971403,25.227392211270836,37.55337331212191,37.415580089592765,2.6847656802463415,2.855744695530429,25.227392211270836,3.272182879811251,2.964792174203714
2009-02-16T00:00:00+08:00,2542.829,18.991212551809546,47.42014314470444,26.14325278927453,39.10381264911764,38.70729474577885,2.766085069227092,2.9766611586602774,26.14325278927453,3.409297102256679,3.101285127172461
2009-02-13T00:00:00+08:00,2484.37,18.464147083993268,46.355705747745134,25.518347407998146,38.71127589110624,38.04231178948606,2.6900856759662988,2.912544759072802,25.518347407998146,3.341196060457741,3.024858101625269
2009-02-12T00:00:00+08:00,2401.408,17.879951482077118,44.46702797069248,24.623432273805005,37.55317823414272,37.03244968907112,2.6055125345414702,2.811348887579598,24.623432273805005,3.2383861049210863,2.922727744885959
2009-02-11T00:00:00+08:00,2396.882,17.96465325725017,44.083828014133786,24.38195327877291,36.75031267193914,36.31837032667298,2.6178546756649346,2.7680549088057522,24.38195327877291,3.189190147591278,2.882458172454392
2009-02-10T00:00:00+08:00,2392.671,17.968296671621406,44.282854187370624,24.36128999918332,36.57636116479179,36.309814095286214,2.618670896104141,2.767677022304979,24.36128999918332,3.1872494094469954,2.8733930375651213
2009-02-09T00:00:00+08:00,2351.281,17.637571028092875,42.89418416681626,23.702661478709857,35.45728775531531,35.25757208142615,2.571526080382373,2.6917712280416497,23.702661478709857,3.109421617916586,2.789450028093954
2009-02-06T00:00:00+08:00,2286.374,17.26750766439428,41.358060555295886,22.94278609458556,34.40917018042138,34.37177559406445,2.5175263452591463,2.6096782835911596,22.94278609458556,3.006794424339902,2.7183788163399187
2009-02-05T00:00:00+08:00,2195.736,16.60052794339806,39.36829499210298,21.968877582244822,33.007167223362856,33.17404660698041,2.4204886367088285,2.492612333413255,21.968877582244822,2.887842544028949,2.6136312305051232
2009-02-04T00:00:00+08:00,2216.764,16.69848751265762,40.046974765421275,22.23530603362445,33.34953696823231,33.327532645993614,2.4348358098780976,2.5311599784252565,22.23530603362445,2.916404571201976,2.652950258069961
2009-02-03T00:00:00+08:00,2162.495,16.322452370757564,39.09444022655644,21.73066094380625,32.6713395269925,32.55109470173619,2.3800015266529906,2.473786099851752,21.73066094380625,2.868542296632451,2.603259052604564
2009-02-02T00:00:00+08:00,2108.366,15.9367147113766,38.02346016585051,21.14769380525761,32.096909303604455,31.773363614339758,2.3236954866868382,2.4025401024605597,21.14769380525761,2.780795916054438,2.550672540677569
2009-01-23T00:00:00+08:00,2071.697,15.752686563155294,37.17133033672971,20.610016858949873,31.251838094098925,30.928806830350304,2.2968627683238916,2.333261923248193,20.610016858949873,2.694464662948557,2.475459560935438
2009-01-22T00:00:00+08:00,2084.616,15.874198235221602,37.50645387728549,20.69010806141154,31.383100343857123,31.406402983766736,2.3142086054662507,2.3512501197400146,20.69010806141154,2.719234829735706,2.4972677003125168
2009-01-21T00:00:00+08:00,2057.985,15.7186603701516,36.64492432557168,20.32217430848845,30.835484276788947,30.974103256174033,2.29153362935397,2.314285861326003,20.32217430848845,2.672243052577974,2.4331372045542787
2009-01-20T00:00:00+08:00,2060.923,15.791715499787491,36.79758498652143,20.348294866913303,30.86199546260903,31.084475653151927,2.3017208237807045,2.3187542333630766,20.348294866913303,2.6766359896132284,2.4446422823371665
2009-01-19T00:00:00+08:00,2045.506,15.723365393512244,36.44956429845106,20.147937019693835,30.621715028648367,30.77342139475681,2.291756891975176,2.2970300403497426,20.147937019693835,2.6611755991510506,2.4144857270349886
2009-01-16T00:00:00+08:00,2030.831,15.455725175744872,36.115896085217834,20.08632869272795,30.41392252820838,30.76115223272689,2.2538498095787545,2.295206628385887,20.08632869272795,2.657763284027099,2.414772044940352
2009-01-15T00:00:00+08:00,2002.731,15.190459183727603,35.777604674454885,19.922912786284204,30.391851272914217,30.524055084021146,2.2154895541234283,2.280056416005819,19.922912786284204,2.653966304115773,2.416348701551821
2009-01-14T00:00:00+08:00,1997.037,15.270168538246889,35.51059246915593,19.777804466108343,30.085768426739396,30.535780569513246,2.2264164733420575,2.256272377365459,19.777804466108343,2.609726615218394,2.38284356849341
2009-01-13T00:00:00+08:00,1918.599,14.74745725434891,33.704266356765366,18.986605003737967,29.036073493206654,29.3739652409016,2.150472677736142,2.1704524688260496,18.986605003737967,2.5080964123366076,2.284274198932386
2009-01-12T00:00:00+08:00,1966.553,15.064033590674493,34.76359081542224,19.508707845462933,30.05330958619403,30.47185355337003,2.1981371746744465,2.235550702940705,19.508707845462933,2.5973163591907475,2.3677879687208296
2009-01-09T00:00:00+08:00,1957.018,15.088020749774284,34.2332872840126,19.241906449571903,29.700808371899168,30.304391036711973,2.201731190084212,2.2063637750208245,19.241906449571903,2.5646886952281815,2.3378267726893758
2009-01-08T00:00:00+08:00,1919.178,14.861786615739398,33.12782091528845,18.698867304376414,29.073840170953027,29.337834474565437,2.168717797709442,2.1433757360945376,18.698867304376414,2.4821120085827744,2.2851095798207406
2009-01-07T00:00:00+08:00,1963.841,15.23286791832285,33.995707820995584,19.13629301267996,29.46688468925483,29.938787395103812,2.222868126071043,2.1957893335999463,19.13629301267996,2.534479317034132,2.306008531291719
2009-01-06T00:00:00+08:00,1968.611,15.350482521654936,33.85133253536343,19.041398839834223,29.158842102899808,29.649458251538253,2.2400311287533077,2.1857167337414256,19.041398839834223,2.5170299930839635,2.300761372767048
2009-01-05T00:00:00+08:00,1907.525,14.921513959393529,32.38589318654096,18.335877370501514,28.164762572935977,28.819892466193608,2.1782688379059483,2.1088064095354473,18.335877370501514,2.4361770975277555,2.230543370970248
2008-12-31T00:00:00+08:00,1838.316,14.380840606343147,30.726519862595726,17.484957107604345,27.143582838450534,27.834911241685624,2.1019481181649424,2.0079257324601447,17.484957107604345,2.3175440396963856,2.1223193829966385
2008-12-30T00:00:00+08:00,1857.857,14.467739364238843,31.341360094004582,17.77839646591561,27.500310473273963,28.01587928451135,2.115984114910024,2.042784327690883,17.77839646591561,2.362994927164935,2.1389599611474357
2008-12-29T00:00:00+08:00,1875.268,14.614350987842794,31.74378317287732,17.965118948646747,27.686526741337676,28.04389382159602,2.1381511230306067,2.058916626056687,17.965118948646747,2.367087387295636,2.154476068790302
2008-12-26T00:00:00+08:00,1880.462,14.652256879921373,31.825892479056943,18.025292894876152,27.904219035255593,27.96615081881383,2.145597591594708,2.064728025577913,18.025292894876152,2.3803347138950324,2.164857540339135
2008-12-25T00:00:00+08:00,1891.391,14.69356706416599,32.088895232429735,18.06729789819848,28.073415578658253,28.13483125428079,2.1489717710019445,2.080941454322541,18.06729789819848,2.3972669036623673,2.177431907180417
2008-12-24T00:00:00+08:00,1903.381,14.771015677587528,32.33046222764163,18.145434804687195,27.897785967476082,28.215600634945126,2.160298828837169,2.087470822488624,18.145434804687195,2.4022356881726292,2.1911043700388664
2008-12-23T00:00:00+08:00,1938.42,15.027926644608273,33.177270362916744,18.587579382640556,28.44762396480874,28.773969731851558,2.197872714968002,2.133244471706572,18.587579382640556,2.4593354791581756,2.2342055072481237
2008-12-22T00:00:00+08:00,2047.095,15.744637778777356,36.088705850315854,19.834587738285745,30.594544211740264,30.81492975608088,2.3026935517730744,2.2830782194963244,19.834587738285745,2.611862450295945,2.384428466542426
2008-12-19T00:00:00+08:00,2070.022,15.962825616968818,36.38172990124689,19.819384325747745,30.35271258170676,30.263016696240797,2.3346040812612463,2.279095736704002,19.819384325747745,2.599575136849041,2.3608912801031234
2008-12-18T00:00:00+08:00,2058.823,15.935385185742948,36.08225603046112,19.61859181331614,29.98497790072052,30.00977520956767,2.3309175862540634,2.2585532756992808,19.61859181331614,2.5812733719678094,2.341566223526471
2008-12-17T00:00:00+08:00,2017.365,15.63030410585567,35.306070549911574,19.263584735180913,29.348928604500028,29.20624165407536,2.2862924425263094,2.2150006898599983,19.263584735180913,2.5338552922351867,2.2945160991871063
2008-12-16T00:00:00+08:00,2004.273,15.603039513073098,34.80761933307875,19.036137190898366,28.952907161851996,29.075656828671107,2.2820732394855825,2.1868545715066325,19.036137190898366,2.4971551335977806,2.2520875144710617
2008-12-15T00:00:00+08:00,1980.536,15.509404647540352,33.981480693373825,18.710450351612288,28.463992474041046,28.589940096034464,2.268378368000057,2.153056192438266,18.710450351612288,2.4462506726766375,2.220044869110774
2008-12-12T00:00:00+08:00,1958.687,15.426006633814717,33.115869000917584,18.471552952141785,28.08438561075857,27.939116834324327,2.2579992595849214,2.1154959824782953,18.471552952141785,2.411256689414284,2.1745288483589413
2008-12-11T00:00:00+08:00,2046.114,16.039701966932395,35.14798418509657,19.408732198874294,29.159710173742603,29.263604082791474,2.3477608028913295,2.221665082800036,19.408732198874294,2.529482354993066,2.2848491882986837
2008-12-10T00:00:00+08:00,2100.127,16.415649108332616,36.796028626272665,19.932976802838496,30.170489908952554,30.206220439841996,2.40278888036831,2.2930805701380037,19.932976802838496,2.6054761243226197,2.35067380841242
2008-12-09T00:00:00+08:00,2042.618,16.072890931471488,35.808398933768856,19.388902822062203,29.170958719654212,29.316749156441347,2.351873598568234,2.2259797807693196,19.388902822062203,2.5319556809630765,2.2868382768349873
2008-12-08T00:00:00+08:00,2096.283,16.48168451716622,37.03273698310959,19.805720811580947,29.817324019416898,29.95214325391616,2.411690519217609,2.2875417907302604,19.805720811580947,2.5906517522879215,2.343661726424269
2008-12-05T00:00:00+08:00,2012.64,15.9126269586707,35.16385501899456,18.93848035575922,28.51383924705953,28.7024147864686,2.3289469125561477,2.190667755927443,18.93848035575922,2.480246794811105,2.248615745332586
2008-12-04T00:00:00+08:00,1974.227,15.754917735824373,33.995059903919135,18.420516397910262,27.888044267465077,27.976952969342634,2.306732835696495,2.1296682070145008,18.420516397910262,2.41531619124288,2.189625846513397
2008-12-03T00:00:00+08:00,1952.944,15.480316273997541,34.001597640296175,18.37930755171793,27.924688398085344,28.078386920486242,2.266527471294251,2.1313978551967794,18.37930755171793,2.414861460002603,2.2002140238459327
2008-12-02T00:00:00+08:00,1871.453,14.879660905201355,32.16807366058871,17.542942899296182,27.03412050309424,26.891854589428963,2.1785834092935987,2.043417868746402,17.542942899296182,2.311916050702036,2.0988078875277236
2008-12-01T00:00:00+08:00,1857.59,14.899423807210317,31.533842806065806,17.258905882509083,26.618926734918716,26.364783784728356,2.1818962348836757,2.0049526950206693,17.258905882509083,2.2617360024102577,2.0626882800864252
2008-11-28T00:00:00+08:00,1810.69,14.71573323913737,30.082378710781743,16.590383993975,25.542413888215794,25.10952897863721,2.1549962846514434,1.9199424652596204,16.590383993975,2.1680755979895463,1.9691854784368974
2008-11-27T00:00:00+08:00,1843.837,15.070171658518088,30.70405128346157,16.854398924987528,25.496191794624036,25.385209850294036,2.206900832289189,1.9459568706921153,16.854398924987528,2.199844873683442,1.9891923252772177
2008-11-26T00:00:00+08:00,1817.096,14.90416099022224,30.229400496689994,16.610140237661202,25.33514263000687,24.99110156951322,2.182802157996443,1.919675504451286,16.610140237661202,2.161499760704459,1.9591626218730267
2008-11-25T00:00:00+08:00,1808.987,14.825094965960725,30.039875313451944,16.492770494320744,25.080362371992628,24.938495920718974,2.1712346216162297,1.9068057389941713,16.492770494320744,2.154424222476306,1.9538957486728195
2008-11-24T00:00:00+08:00,1815.505,14.87842339922816,30.15915523161868,16.60163470128558,25.115628530939716,25.01990608759748,2.179044928454164,1.9177637332431152,16.60163470128558,2.1704258668814362,1.953954847113861
2008-11-21T00:00:00+08:00,1893.97,15.438075699658343,31.863372024353847,17.333308684969378,26.12131249810116,26.061434202170588,2.261032706701554,2.0044858561282504,17.333308684969378,2.2643932762872905,2.034778864481085
2008-11-20T00:00:00+08:00,1909.284,15.530883594279878,32.338550101210174,17.599726627437946,26.329097441479366,26.729744239524898,2.274625183462375,2.034597089886471,17.599726627437946,2.296808830517359,2.0781184365922694
2008-11-19T00:00:00+08:00,1923.267,15.763304115565434,32.48733958141002,17.631605375534882,26.33122258902441,26.42307487252902,2.309540722173383,2.0293346550575437,17.631605375534882,2.291782373810687,2.088437422267294
2008-11-18T00:00:00+08:00,1808.189,14.884103787935226,29.986612978981665,16.512325482261843,24.760346140520472,24.709467007485216,2.180725789420793,1.8967225117599809,16.512325482261843,2.1512739013614097,1.9500081704823078
2008-11-17T00:00:00+08:00,1951.823,15.894216133069694,33.17357031340694,17.860070649394657,26.546768978456527,26.688610643404214,2.3287211321455987,2.0588022098366134,17.860070649394657,2.314330582148774,2.12928835990233
2008-11-14T00:00:00+08:00,1895.462,15.556043441007798,31.818116055761983,17.13392132707517,25.419809972472603,25.49304113616213,2.2707120975922614,1.9661287939575478,17.13392132707517,2.215002510156204,2.015272996449914
2008-11-13T00:00:00+08:00,1822.747,15.088513815713524,30.111549959307723,16.35622231391939,24.39235303225724,24.43988171090571,2.202547675478698,1.8794311438185485,16.35622231391939,2.1172688419299317,1.9176556791936368
2008-11-12T00:00:00+08:00,1749.663,14.559815216217752,28.496615544060564,15.591982701850304,23.337822869878163,23.393827163238733,2.1254088608989243,1.7955274671677843,15.591982701850304,2.0179011625913343,1.8343785095236713
2008-11-11T00:00:00+08:00,1723.716,14.425026476934319,27.761608916828415,15.210626926132015,22.86535745798459,22.750166081671175,2.106922379623536,1.7485409793791231,15.210626926132015,1.9768050727655608,1.7770447685289152
2008-11-10T00:00:00+08:00,1742.139,14.63865467825896,28.041546181739047,15.287047963431558,23.161503197784477,23.130541235694167,2.1382349986355202,1.761600888823213,15.287047963431558,1.9986243144879303,1.7968263290682733
2008-11-07T00:00:00+08:00,1623.226,13.666181316396035,25.724151629095196,14.21456578340143,21.682259032901243,21.564673835611835,1.9958680517140186,1.6373015512809406,14.21456578340143,1.8618366933507298,1.6688291689781636
2008-11-06T00:00:00+08:00,1596.988,13.441003339731195,25.221381362673554,13.966010763653772,21.356896681584598,21.127099519223787,1.9629350241107213,1.6050998001845358,13.966010763653772,1.8255448436000037,1.6346195452978363
2008-11-05T00:00:00+08:00,1633.234,13.761102256371489,25.690552758624303,14.244243359055606,21.537022297376588,21.33819218888908,2.009653820081112,1.629352256356976,14.244243359055606,1.8552431361989006,1.6704496070374177
2008-11-04T00:00:00+08:00,1574.76,13.33630460661232,24.60301406913367,13.740055139157322,20.872038051154973,20.554243504832023,1.9476169131736532,1.5693792537189077,13.740055139157322,1.7956313861277626,1.6124676025634428
2008-11-03T00:00:00+08:00,1598.811,13.436308482993619,25.4014344397643,14.033641487023353,21.216297073779703,20.76485684839544,1.962173924570733,1.5962589905439322,14.033641487023353,1.8188751734489441,1.6305009601507345
2008-10-31T00:00:00+08:00,1611.826,13.481083244049751,25.628169548111828,14.21130796113134,21.317166173750575,21.113807054837423,1.9687762619897877,1.6163835479862843,14.21130796113134,1.8451693038019779,1.6508776938523981
2008-10-30T00:00:00+08:00,1643.681,13.738767616007,25.121645188044013,14.475687893127958,21.79316102856554,21.414507641607344,2.0140525234301343,1.6459687177717697,14.475687893127958,1.882736333527268,1.6836570192463656
2008-10-29T00:00:00+08:00,1612.628,13.462288527437929,24.04008047677195,14.229362690043814,21.26894500121638,20.875459314620727,1.9954905772276232,1.6288911384029465,14.229362690043814,1.8720309371911406,1.6646510425741812
2008-10-28T00:00:00+08:00,1663.065,13.62708778636512,24.10782997594703,14.650927025078317,21.871412305100563,21.261101302809898,2.0587941122453755,1.6879525641861153,14.650927025078317,1.9398329831259717,1.7273728357390397
2008-10-27T00:00:00+08:00,1616.605,13.275618585288665,23.037229880991976,14.29788657612706,21.202429372191816,20.692879172421335,2.014994096972077,1.6511668805226904,14.29788657612706,1.905202545221379,1.6929197749869769
2008-10-24T00:00:00+08:00,1742.45,14.13300116716999,24.20427391971302,15.374341991356912,22.334485849173475,22.201832106767114,2.159122923827379,1.7958462398327573,15.374341991356912,2.0637839226214916,1.8467607660049747
2008-10-23T00:00:00+08:00,1786.24,14.431574361883133,24.678177006263983,15.549555661417651,22.62848383672554,22.172196987552127,2.2049417823398687,1.824395682236501,15.549555661417651,2.1003026261488995,1.8697994394872128
2008-10-22T00:00:00+08:00,1780.327,14.57942106373137,24.212588583801846,15.471840077934168,22.481466494554468,21.89872112499514,2.2297871132630176,1.809924243588501,15.471840077934168,2.087220284589534,1.8628147705511358
2008-10-21T00:00:00+08:00,1822.958,14.939839480702405,24.5446414236429,15.774461535820251,22.93741585424823,22.266998043068078,2.29701887240663,1.8428222218006007,15.774461535820251,2.1339478736483057,1.916655819482838
2008-10-20T00:00:00+08:00,1833.731,15.061032357032754,24.73857601376105,15.845579847897978,23.036022536155905,22.46054922015972,2.314360032757213,1.8449554273591005,15.845579847897978,2.1265051536575057,1.9199202393980062
2008-10-17T00:00:00+08:00,1773.208,14.716496405714247,23.75904440518325,15.335026895724921,22.283943617115455,21.72428618170754,2.265556826089857,1.786468940687641,15.335026895724921,2.0693960182911573,1.8472873902722893
2008-10-16T00:00:00+08:00,1758.6,14.559906438426486,23.37758300901689,15.15926086627575,22.1683166832276,21.48650487365568,2.2423900407482757,1.7601191920159907,15.15926086627575,2.0501707747254097,1.835895081989311
2008-10-15T00:00:00+08:00,1853.069,15.237814976718855,24.990268734454187,16.132529212023677,23.344025776998514,22.872963724283313,2.3471948216097314,1.8719633631237624,16.132529212023677,2.1537872705435412,1.9416640356554207
2008-10-14T00:00:00+08:00,1870.941,15.395940099447543,25.43935777856034,16.282897652027838,23.562715594870593,22.881932080018444,2.3691833745944884,1.8833620111518885,16.282897652027838,2.1883864045648718,1.9545295524245418
2008-10-13T00:00:00+08:00,1922.577,15.797974039407933,26.40846332795191,16.778826404153612,24.170383808835695,23.526860911188066,2.4309442699947508,1.9387165535473814,16.778826404153612,2.2513036177125554,2.0074270905247658
2008-10-10T00:00:00+08:00,1857.768,15.22810069687369,25.77445729313421,16.485781653245642,23.74289636465703,23.17308558639816,2.343419778853984,1.901138395250333,16.485781653245642,2.217616134920699,1.9695467702964558
2008-10-09T00:00:00+08:00,1956.829,15.836935823764588,27.851617918535464,17.65752902749164,25.272151517138255,24.965926576061154,2.4369580074010195,2.0405903544351536,17.65752902749164,2.378481196119966,2.1133770149685973
2008-10-08T00:00:00+08:00,1982.809,15.984366365243307,28.28560107762541,17.89541740406903,25.590968429920057,25.27036683805088,2.4597677443085826,2.063790876083607,17.89541740406903,2.3994933421319766,2.1367339702595087
2008-10-07T00:00:00+08:00,2052.2,16.511087305881844,29.258416311208784,18.3972006304402,26.28572573724255,25.84811401885624,2.5407149787767276,2.1161681438640825,18.3972006304402,2.4494904837222213,2.1999162408847894
2008-10-06T00:00:00+08:00,2073.463,16.61380176015919,29.425915611525603,18.504612414177824,26.381305885785967,25.85606771970654,2.556520609727193,2.122564924755557,18.504612414177824,2.4751568702372837,2.214787228350619
2008-09-26T00:00:00+08:00,2175.483,17.49292857970848,30.993367393019398,19.355805841671714,27.182293154515314,26.997416434703617,2.696016723869733,2.216132325271311,19.355805841671714,2.5846188046161434,2.2936055801081876
2008-09-25T00:00:00+08:00,2160.902,17.496083325589684,30.938464273068046,19.262387807881378,27.17153768552576,27.10640434775684,2.6971123440387275,2.21654079691215,19.262387807881378,2.587229108293056,2.3045011440679586
2008-09-24T00:00:00+08:00,2087.411,16.902029193784138,29.93980941630574,18.729585716422022,26.601849153357698,26.334749137963037,2.603448090555988,2.159833121330871,18.729585716422022,2.5111946377692047,2.2405175997436015
2008-09-23T00:00:00+08:00,2064.156,16.82162404292923,29.45030576597072,18.507980239426796,26.226884103119318,26.152356735397593,2.5910547056663966,2.121246400564192,18.507980239426796,2.4790582019519,2.186965502016345
2008-09-22T00:00:00+08:00,2163.192,17.14410268892641,31.628412333061643,19.71933131816088,27.984815874566916,27.767283282487423,2.6406748486937293,2.2735060052301486,19.71933131816088,2.639675703028867,2.3588754398414173
2008-09-19T00:00:00+08:00,2043.597,15.954316381799343,30.027805771534872,18.83932038570318,26.871345277650736,26.605521938634936,2.456461004223904,2.1742767542783783,18.83932038570318,2.519666164836874,2.2494282277364435
2008-09-18T00:00:00+08:00,1866.974,14.579369992593946,27.123501925585966,17.226448679356324,24.52400467503214,24.24637547062455,2.2367081968433418,1.9817428609160799,17.226448679356324,2.2931293402236994,2.049240714262581
2008-09-17T00:00:00+08:00,1906.688,14.833273834441277,27.93680477031306,17.76016549930244,25.342753496371948,24.88750340531353,2.2756542353599727,2.0497868583718835,17.76016549930244,2.3565433580913453,2.1106747284803435
2008-09-16T00:00:00+08:00,1966.091,15.344792315987695,28.76339181805908,18.15413099305621,25.618104804774767,25.376545162002714,2.354094660918108,2.095864774657379,18.15413099305621,2.408221187720311,2.1602841485980866
2008-09-12T00:00:00+08:00,2031.717,16.078135240771356,29.388468796324773,18.597986391375084,26.144438426223108,26.094734245089775,2.4665991919887333,2.1481858906496316,18.597986391375084,2.4709542006831313,2.2131766956879346
2008-09-11T00:00:00+08:00,2027.287,16.073060609181358,29.11134775364226,18.55243981535833,26.24977191085818,26.01079362590992,2.4655670173130213,2.1422086306924246,18.55243981535833,2.4563575415243895,2.2131260177593632
2008-09-10T00:00:00+08:00,2087.908,16.623006570482158,29.690863049989154,19.004973813872255,26.891154572893054,26.354814652848148,2.5499273427352267,2.1901483926344683,19.004973813872255,2.53079384201728,2.2699967812776514
2008-09-09T00:00:00+08:00,2080.415,16.594647482693688,29.4785557401486,18.921341344289857,26.559295048477995,26.372949040825365,2.5455771300942898,2.1720181306438255,18.921341344289857,2.5173469339288856,2.246408477229459
2008-09-08T00:00:00+08:00,2067.314,16.578502769684086,28.97300201705937,18.772888501670177,26.504799665629715,26.195198337365717,2.543100571776363,2.1478533710546706,18.772888501670177,2.4936648153335277,2.2209665401789582
2008-09-05T00:00:00+08:00,2137.28,16.996044341278036,30.46123158299395,19.713834104008228,27.97159056106269,27.51485826073674,2.607150397279579,2.260552551395475,19.713834104008228,2.616321500828314,2.3570468053384466
2008-09-04T00:00:00+08:00,2214.78,17.579028790728586,31.98192985572955,20.67861407913157,29.307126610701598,28.779344413740667,2.696617944315933,2.37774551250565,20.67861407913157,2.739573218907064,2.4791270938076866
2008-09-03T00:00:00+08:00,2207.813,17.573618774763144,31.6880611650687,20.520819114000197,29.084433853207422,28.55403417815051,2.6955720899838056,2.3603759726487388,20.520819114000197,2.7133415113256723,2.4680548365092023
2008-09-02T00:00:00+08:00,2240.65,17.79658704662695,32.00727585077225,20.671130962234187,29.32216461678093,28.651156672232066,2.7296538798281227,2.3653627988263817,20.671130962234187,2.7357309424689347,2.4817956913252406
2008-09-01T00:00:00+08:00,2253.839,17.9486252474439,31.8341034164035,20.59280490414324,29.013540289831003,28.42166097370687,2.75298081046663,2.3413382534237774,20.59280490414324,2.726222755080526,2.4683708751670568
2008-08-29T00:00:00+08:00,2330.333,18.542709372334077,32.82910233061485,21.296142396174854,30.26910242547018,29.173927541905314,2.852156833084393,2.4102324065241394,21.296142396174854,2.8179355111272812,2.5393624465873166
2008-08-28T00:00:00+08:00,2272.234,18.220287332758396,31.510810992874177,20.617391178347475,29.158533916589715,28.400459051350033,2.8067487573202277,2.3404405648702573,20.617391178347475,2.751173503584717,2.4547618952745585
2008-08-27T00:00:00+08:00,2265.615,17.83219865436039,30.93959784359329,20.672672822802284,29.395839441634173,28.255408084064218,2.808323445231759,2.3352439310549538,20.672672822802284,2.758124874208903,2.4577783136672546
2008-08-26T00:00:00+08:00,2272.207,18.13211935871164,30.8967499968934,20.669115944961163,29.328407599138643,27.95658492747909,2.824459206015359,2.3306983795893954,20.669115944961163,2.7741544490137646,2.4616085366129274
2008-08-25T00:00:00+08:00,2356.277,18.65880264793538,32.75925976062511,21.799785566670234,30.89631135452099,29.604537813923542,2.897996705733427,2.4648004964886483,21.799785566670234,2.9211483772928446,2.6113503021932387
2008-08-22T00:00:00+08:00,2361.099,18.938692558296925,32.98244065592299,21.93861421103524,31.16515822409291,29.56328521066754,2.9041110712484026,2.468271857071365,21.93861421103524,2.9381990721142874,2.601681810049529
2008-08-21T00:00:00+08:00,2401.54,19.364994844934042,34.0769272429955,22.514302991310352,31.90536562310131,30.42460964904671,2.947209589504752,2.5099726939435807,22.514302991310352,3.000252822306922,2.6347706404427007
2008-08-20T00:00:00+08:00,2489.097,20.20807803866445,35.482318186797414,23.42723625282818,33.42840134304599,31.634856805268026,3.065398315790347,2.6055927861867567,23.42723625282818,3.1162726642007463,2.741030629943808
2008-08-19T00:00:00+08:00,2306.575,18.818956456213073,32.4761414363457,21.698177340000054,31.069219678411685,29.372779301481188,2.8513617870126744,2.404862140124093,21.698177340000054,2.8760805822245117,2.5248824724171635
2008-08-18T00:00:00+08:00,2272.07,18.66973832344597,31.755445835690228,21.435648356232463,30.724701984142968,28.981401479624584,2.8239273573173316,2.3661233865445954,21.435648356232463,2.840428217074694,2.4868745761404183
2008-08-15T00:00:00+08:00,2417.01,19.698755679310516,34.43607126966649,23.15773666310494,33.49659243041231,31.091300811443368,2.9807521602876843,2.561954447228227,23.15773666310494,3.0647605882769664,2.7059096980959
2008-08-14T00:00:00+08:00,2416.295,19.64781598720136,34.70739893746292,23.138651764448163,33.587261209286815,31.03490500825279,2.972118745366751,2.5630574255793594,23.138651764448163,3.0625315344890303,2.720754865896943
2008-08-13T00:00:00+08:00,2413.228,19.717382361531595,34.40412730720502,22.971125725700595,33.284564818531685,30.733162076091133,2.9856640388913775,2.5561923389668686,22.971125725700595,3.0469548176373555,2.6956120482523813
2008-08-12T00:00:00+08:00,2413.081,19.83350678642947,34.362434425347494,22.999250712825635,33.50518494608446,30.850055457636,3.0022055265697714,2.5612484481331763,22.999250712825635,3.052464139792738,2.696212473470419
2008-08-11T00:00:00+08:00,2431.976,19.952485374820565,34.715727555082466,23.39784570534618,33.827644220569326,31.819044324192912,3.017061054307932,2.5978483017130896,23.39784570534618,3.1003685849050835,2.76675623146346
2008-08-08T00:00:00+08:00,2585.265,21.031990578276993,37.851497100029036,25.345430198497752,36.41992397386527,34.282484943125475,3.18354605955474,2.8297764650529666,25.345430198497752,3.3683340594894293,3.0119925129910103
2008-08-07T00:00:00+08:00,2733.049,22.03518707615781,40.72243998007408,27.300893221751693,39.49068352971393,36.639030122916424,3.3380574408895547,3.062144592639784,27.300893221751693,3.625161207614007,3.237089624952819
2008-08-06T00:00:00+08:00,2729.623,22.000307374462835,40.642003239603696,27.184676503100697,39.27775912495616,36.4898456496351,3.3303556718752123,3.039553846462345,27.184676503100697,3.5968383719126567,3.2151045259982176
2008-08-05T00:00:00+08:00,2716.413,21.772546520124116,40.364437459953606,27.15682411022908,39.45141748571735,36.06582088631242,3.295811457492075,3.0327444175599823,27.15682411022908,3.6196178881226513,3.2194372753506144
2008-08-04T00:00:00+08:00,2790.398,22.215805872241415,41.79755416691797,28.046550565232828,40.64253176093854,37.3685368130958,3.365440337502386,3.1187991597225855,28.046550565232828,3.712299509422857,3.2698932788697426
2008-08-01T00:00:00+08:00,2858.199,22.702203145849946,43.108785625902215,28.874669924243317,41.89001601813314,38.05310565643616,3.437597212220451,3.1987344065815546,28.874669924243317,3.780186045926021,3.373651375353493
2008-07-31T00:00:00+08:00,2821.007,22.47144269722713,42.55181471364479,28.544063817081778,41.29726105076041,37.42119508840049,3.402827874710989,3.1545915144169854,28.544063817081778,3.733842852093867,3.318121238160563
2008-07-30T00:00:00+08:00,2908.041,23.00399739207591,44.32644551280325,29.610703560359287,42.97130837988031,39.06589889521999,3.4804590069556527,3.277211324832049,29.610703560359287,3.8497983439893355,3.4347927856500884
2008-07-29T00:00:00+08:00,2927.234,23.10910346657796,44.647682808015524,29.779509757976065,43.087207846405164,39.445229463027985,3.495632678391759,3.2871354791185876,29.779509757976065,3.8944565783631684,3.463125580596248
2008-07-28T00:00:00+08:00,2984.33,23.57862938310409,45.67115020217054,30.39507588654574,44.16494705680522,39.8298584392266,3.5626731591996363,3.351923204361551,30.39507588654574,3.965968126355365,3.528129788411966
2008-07-25T00:00:00+08:00,2956.489,23.302092301410255,45.08103252841106,29.987325665781032,43.55564445948967,39.349595325453436,3.5171202141155904,3.2976598702828595,29.987325665781032,3.9227478322853484,3.4788020567673748
2008-07-24T00:00:00+08:00,2990.009,23.65257700804249,45.65468533924607,30.262066679401265,43.99804516852098,39.7330440764349,3.567408279721066,3.3233254066767617,30.262066679401265,3.963993877586408,3.480464906475715
2008-07-23T00:00:00+08:00,2903.261,23.08222264265185,44.448522237281814,29.49613758040096,42.86270944342097,38.84218740763698,3.480258811466565,3.2390050642156463,29.49613758040096,3.86661113790446,3.388157979573858
2008-07-22T00:00:00+08:00,2925.583,23.138296171586955,44.85559909864188,29.680489789811915,43.33400283092032,39.29648199719998,3.491371911596167,3.2581623150233288,29.680489789811915,3.879416479310816,3.4187712963305548
2008-07-21T00:00:00+08:00,2926.978,23.267339088443002,44.83521414266162,29.600377139021038,43.37503074531548,39.07495710507638,3.5074070409631415,3.241294978056124,29.600377139021038,3.860179371790421,3.3845204293028996
2008-07-18T00:00:00+08:00,2825.791,22.582466919193195,42.92171085675877,28.458607975131592,41.81206420170402,37.616849090438194,3.4053006450605383,3.115196602675966,28.458607975131592,3.7138329306610096,3.2852825776893155
2008-07-17T00:00:00+08:00,2731.142,21.85087224466978,41.21850449404764,27.51987681897111,40.65604418749546,36.45416707731672,3.2937328210529904,3.0095394430981193,27.51987681897111,3.6051451345017678,3.1710273531307624
2008-07-16T00:00:00+08:00,2758.546,21.997532965835976,41.624905432687484,27.82207126577768,41.386074250193516,36.75877142248301,3.3153461574037943,3.038911958428881,27.82207126577768,3.651880522134801,3.221615953360587
2008-07-15T00:00:00+08:00,2876.518,22.638308003305355,44.165875022364965,29.271595403803193,43.35700888081243,38.28888562942411,3.413790047217711,3.205944261354921,29.271595403803193,3.8303947516335377,3.3950832930420076
2008-07-14T00:00:00+08:00,2986.971,23.45294747126101,45.93259886495218,30.202060296103078,44.47374354076932,39.483128000798466,3.53692023550934,3.307378269210672,30.202060296103078,3.9511065474972,3.4820389037470636
2008-07-11T00:00:00+08:00,2952.476,23.261875847802102,44.79509595577484,29.580347867884218,43.339348598688396,39.14016044965203,3.509261325893997,3.2364381804357816,29.580347867884218,3.889939715262614,3.411169726601601
2008-07-10T00:00:00+08:00,2972.628,23.435319906096524,45.11792723872002,29.831893731899367,43.91567723473102,39.612244737483735,3.534956515084702,3.2680936556363123,29.831893731899367,3.9169794207962756,3.445933216280504
2008-07-09T00:00:00+08:00,3020.851,23.769106342164317,45.82951290851333,30.29507226605185,44.802277920977616,40.10606120267536,3.5847916706734586,3.330319303894498,30.29507226605185,3.9844463091472693,3.494651074102269
2008-07-08T00:00:00+08:00,2918.653,22.90659814965897,44.22938079102408,29.285552237147186,43.51417546291393,38.73205051788691,3.4543822614784334,3.2270495051312653,29.285552237147186,3.8876988506690395,3.4057370346970766
2008-07-07T00:00:00+08:00,2891.463,22.74278883658447,43.66766495143178,28.912244170888904,42.780201216071134,38.455866193278204,3.4291134251706,3.1774924794770163,28.912244170888904,3.8353533871168914,3.3492525735887853
2008-07-04T00:00:00+08:00,2749.766,21.742035165792085,41.09973503753185,27.422696378898006,40.619200339226246,36.86045896403395,3.277457804824474,3.012473503501745,27.422696378898006,3.6460866675992145,3.172035932940554
2008-07-03T00:00:00+08:00,2763.603,21.981023175125035,41.22034250652324,27.509779412988173,40.7519027477055,36.816358605075855,3.3139476936383776,3.0155961119220054,27.509779412988173,3.642456212557106,3.186652301249418
2008-07-02T00:00:00+08:00,2685.377,21.54847633869501,39.48187123663687,26.517501554573705,39.05261273438778,35.32118500435669,3.2481073762768133,2.8963533162195434,26.517501554573705,3.489418400775793,3.0507066280555697
2008-07-01T00:00:00+08:00,2671.154,21.615152537817178,40.29605081925652,26.57124769571816,38.799738076644665,34.8137411476304,3.246646169513693,2.855637650926043,26.57124769571816,3.426492602141516,3.0011580360348344
2008-06-30T00:00:00+08:00,2750.472,22.093553023237405,42.08340686181248,27.16634694188045,40.71112242878276,35.66669308836894,3.338670825513163,2.9045393191153552,27.16634694188045,3.5069874523211277,3.0475121403491405
2008-06-27T00:00:00+08:00,2763.045,22.20868179678385,41.87554381211971,27.15134813006649,40.777735888139,35.268882184194965,3.3554458076530067,2.8976552708093815,27.15134813006649,3.4865342041920826,3.05981821989148
2008-06-26T00:00:00+08:00,2936.032,23.45929102995734,45.53640515087078,29.1907874757314,43.57652721448406,38.01851825702771,3.52766482089064,3.1252047011060915,29.1907874757314,3.731797471033332,3.2875994201277425
2008-06-25T00:00:00+08:00,2917.054,23.469435578871888,44.72663344892665,28.802043932189193,42.83785100052009,37.51343036655268,3.528635413401136,3.084181765302377,28.802043932189193,3.6781960532043265,3.248386329447152
2008-06-24T00:00:00+08:00,2789.999,22.647585917316995,42.061502634038334,27.29923113638927,40.26871168443328,35.52513102565107,3.400088174241992,2.919777673906662,27.29923113638927,3.4919772967403397,3.0770631495109066
2008-06-23T00:00:00+08:00,2722.54,22.27863385199007,40.66254946778584,26.542361173171706,38.55953706448732,34.64775622198306,3.3362042918886643,2.8360170801881086,26.542361173171706,3.3877753049783204,2.9941334277339817
2008-06-20T00:00:00+08:00,2779.192,22.813943592808844,41.690545041636256,27.135984148974874,39.94721267314368,35.61367764684772,3.4120041027253207,2.8943566510093692,27.135984148974874,3.4787354531466415,3.0722993675396526
2008-06-19T00:00:00+08:00,2709.596,22.199326344547103,40.77093777121086,26.787676214099964,38.61440279861341,34.87191943644565,3.3158689026652284,2.84944561693938,26.787676214099964,3.4324514176878522,3.0223569139592565
2008-06-18T00:00:00+08:00,2931.813,23.729792757673795,45.25580502251959,29.293127252535143,42.06973534399263,38.31150724186763,3.543278830310703,3.1245957484603255,29.293127252535143,3.7409514301651874,3.2957800221697875
2008-06-17T00:00:00+08:00,2784.351,22.58252179996739,42.35601228746797,27.78041770425708,40.20010136548325,36.084365959579046,3.3485772558098845,2.9619151819076746,27.78041770425708,3.5289600939035792,3.1217050580334065
2008-06-16T00:00:00+08:00,2912.059,23.270629210010362,45.17761931418626,29.41860811330004,42.983831798130815,37.550286448546345,3.4482500144958914,3.144917906471029,29.41860811330004,3.7202250307822373,3.3011441744938863
2008-06-13T00:00:00+08:00,2949.764,23.286902318276706,46.03990764907983,30.006296249729402,43.63767356493224,38.195152630806525,3.44404863053025,3.2031073103394867,30.006296249729402,3.805629097466526,3.3589529966101046
2008-06-12T00:00:00+08:00,3065.714,24.025707963576966,48.30660029684648,31.306361005291066,45.93106687065822,40.276538565820545,3.5506434055427945,3.3453159576095675,31.306361005291066,3.9708474829650777,3.5236501185069535
2008-06-11T00:00:00+08:00,3113.476,24.505187758536007,48.59198708726829,31.626647132991092,46.21036064578725,40.117195183599115,3.6152955204182455,3.3786079735709835,31.626647132991092,3.980594505827767,3.5231088922946734
2008-06-10T00:00:00+08:00,3182.766,24.933660766582776,50.23634880857296,32.69023258805925,47.34951704465966,41.64629774244579,3.6787824006218335,3.4880274255576573,32.69023258805925,4.073646699066586,3.672487519649306
2008-06-06T00:00:00+08:00,3468.75,27.04650081098474,55.971665159922686,35.814432027603246,51.76461111669562,45.665842955803726,3.9897524466073016,3.835027473138936,35.814432027603246,4.459454434209459,4.002776254759916
2008-06-05T00:00:00+08:00,3491.993,27.208807561962697,56.12361444405806,35.96289332519136,51.636636567524235,45.39927959656911,4.011393189468904,3.846415794674879,35.96289332519136,4.498202374342208,4.035903655541666
2008-06-04T00:00:00+08:00,3528.426,27.345186171679664,56.77092872426058,36.202440296472815,52.13166389279916,45.689514188802505,4.0307245893562875,3.8725812641766106,36.202440296472815,4.526064689682047,4.062582609771516
2008-06-03T00:00:00+08:00,3593.083,27.83193366739509,57.87981563364455,36.80891004593615,53.30008184265339,46.379501713342975,4.10046464695829,3.9458691618880954,36.80891004593615,4.6246729949464624,4.127178883095019
2008-06-02T00:00:00+08:00,3605.577,28.017969806815003,58.26321907935763,37.00107717468471,53.31490228418098,46.69503240385804,4.126898934507232,3.9653216058088403,37.00107717468471,4.631271403310762,4.129940726929432
2008-05-30T00:00:00+08:00,3585.345,27.84835724658244,57.80247029590124,36.72058771681574,52.73443739763753,46.34849118011859,4.10218582892024,3.931793863215326,36.72058771681574,4.613604380456776,4.0995599014906325
2008-05-29T00:00:00+08:00,3560.694,27.59933702845632,57.133159038265475,36.567817515226594,52.8416824983539,46.09780652505957,4.065576915920206,3.913034947759204,36.567817515226594,4.585122744172958,4.080443216376336
2008-05-28T00:00:00+08:00,3652.304,28.087058510299716,59.06741990855984,37.56671568263683,54.10055023278039,47.332266104281175,4.118736088186931,4.012492898292932,37.56671568263683,4.707894383204555,4.168089035972672
2008-05-27T00:00:00+08:00,3554.321,27.404390029642506,57.248151706942224,36.64104985606172,53.0543126296476,46.21671658026907,4.024332183659659,3.913280842945452,36.64104985606172,4.60125672664162,4.072560229493371
2008-05-26T00:00:00+08:00,3538.039,27.30207474560192,56.700233277667536,36.382859172619575,52.78854515714675,46.18904727724237,4.008287901957592,3.889296831359233,36.382859172619575,4.5649591577714865,4.04042799627429
2008-05-23T00:00:00+08:00,3650.091,28.142703179133182,58.911158772745125,37.495787980847254,53.68568647066145,47.42657400703078,4.132076317427433,4.013744119375722,37.495787980847254,4.703156983514825,4.192221603379341
2008-05-22T00:00:00+08:00,3688.897,28.105528392549854,59.92198626448445,37.9006710431555,54.634456149298394,47.98096751152317,4.125861015077894,4.05047312590174,37.9006710431555,4.737657607572475,4.248963474959066
2008-05-21T00:00:00+08:00,3748.43,28.708911534922873,61.28390635962125,38.45918341791295,54.429836502711105,48.33841793121855,4.214057634233032,4.0919316425703585,38.45918341791295,4.801923320521157,4.30611668299314
2008-05-20T00:00:00+08:00,3671.797,27.96639977891795,59.666539543979646,37.739754761415256,53.49426732604139,46.72152255396033,4.104242915792657,4.002163368007905,37.739754761415256,4.69820289740888,4.205806761875128
2008-05-19T00:00:00+08:00,3884.423,29.29982599447217,63.436129142974984,40.17545171532741,56.39361437207802,49.84663987893987,4.302391573207639,4.25967665196848,40.17545171532741,4.977600077574312,4.479247022156793
2008-05-16T00:00:00+08:00,3898.544,29.489974525437912,63.531640434967244,40.2136530663296,56.23172306014054,49.8694912962448,4.329955479485259,4.2616324460906805,40.2136530663296,4.991827140832105,4.491887803340094
2008-05-15T00:00:00+08:00,3923.056,29.618547134436756,64.56426917075198,40.730482043866154,57.07689437110835,50.864208599496735,4.347402279716522,4.317868105513748,40.730482043866154,5.066327987180253,4.552459731321485
2008-05-14T00:00:00+08:00,3953.066,29.801255083106668,65.20807743391981,41.012486717678435,58.324120665064235,51.34628104378578,4.374471002973881,4.34399869612924,41.012486717678435,5.090578637223191,4.588009852307822
2008-05-13T00:00:00+08:00,3844.147,28.991796747068896,63.148920267340515,39.90835485451436,56.23391435124054,49.98326175125525,4.2552390131269755,4.231843819237068,39.90835485451436,4.987711557989179,4.465001451901062
2008-05-12T00:00:00+08:00,3874.226,29.452800506523598,62.740211682170255,39.95628677059152,56.370800726459926,49.99321088787788,4.3198952888987066,4.221174500067907,39.95628677059152,4.9625105227679365,4.42364507245912
2008-05-09T00:00:00+08:00,3830.458,29.321054433314206,61.53637466453175,39.25099730134971,55.01862177142462,49.0362030073905,4.298979923589521,4.14435326872702,39.25099730134971,4.834828560841611,4.353547744532405
2008-05-08T00:00:00+08:00,3860.015,29.672227155818632,61.592118787857046,39.36576011580292,55.15774567314208,48.85909832632521,4.348982981578761,4.149280136690512,39.36576011580292,4.822470712617716,4.319949791512771
2008-05-07T00:00:00+08:00,3751.171,29.08004274583023,59.514804364100264,38.26108342188644,53.3358752491606,47.23247978141647,4.261684548269603,4.024496394053697,38.26108342188644,4.689356262932841,4.204113148487974
2008-05-06T00:00:00+08:00,3931.506,30.348416830347038,63.22764304755632,40.087369346981504,55.44284578351421,49.31277255506797,4.446529024621808,4.21323671068678,40.087369346981504,4.923397355031864,4.440453834110885
2008-05-05T00:00:00+08:00,3963.933,30.638477057359136,63.9785304940624,40.31872499689732,56.18915648526662,48.80700052886215,4.488795248895175,4.2351141390572264,40.31872499689732,4.949851920920641,4.424809624300171
2008-04-30T00:00:00+08:00,3859.425,30.11888276611834,60.539131238236536,39.131500408975285,54.05535220483024,47.23920229657972,4.398939962787145,4.0815424271354175,39.131500408975285,4.789522764219311,4.271255870925548
2008-04-29T00:00:00+08:00,3693.359,29.440264313430816,57.19482746810493,37.84336302470986,52.66063475646695,45.88662969076187,4.225767526160334,3.9217075651367983,37.84336302470986,4.599372171372048,4.117789610665608
2008-04-28T00:00:00+08:00,3651.327,29.134721630537893,56.668068525872215,37.82669509579989,53.02088370328578,45.769245289381445,4.20422324084427,3.8719603074679907,37.82669509579989,4.544190391828968,4.08690183666641
2008-04-25T00:00:00+08:00,3708.247,29.430729450027926,67.85808476064538,38.14965697304383,53.4921071415542,46.29949402795923,4.313445654197944,3.9586331621351216,38.14965697304383,4.613576520265905,4.1234940498529
2008-04-24T00:00:00+08:00,3679.883,29.858592650783287,68.39202821781363,38.05215991620124,52.962614802270174,46.574728612580095,4.357408408299082,3.928249225103936,38.05215991620124,4.595416889424756,4.096472442844865
2008-04-23T00:00:00+08:00,3371.014,27.400771579281578,61.740210944348355,35.231542842544194,49.78871755641537,42.653840232533085,3.99766131435553,3.586171243875871,35.231542842544194,4.2400631001997215,3.767904646512415
2008-04-22T00:00:00+08:00,3221.213,26.79283284120648,59.19156979157651,34.008811902013086,48.67286706455693,41.395985660420436,3.824055921902447,3.4430125022907654,34.008811902013086,4.0416633005121,3.608751883516515
2008-04-21T00:00:00+08:00,3216.517,26.6853184599921,60.918734515922544,34.872824281145476,50.10764073887073,42.37463695418795,3.784054662828733,3.4917220004320186,34.872824281145476,4.124631479619945,3.6547299090885232
2008-04-18T00:00:00+08:00,3225.754,26.68123521408733,64.977672203626,35.33848553573231,51.05116519192879,43.36338988529816,3.765396022309681,3.5261098556442128,35.33848553573231,4.177291491243158,3.6793607685667586
2008-04-17T00:00:00+08:00,3354.389,27.87419981986536,70.07525910546788,37.32070648430198,53.25448428896725,45.76155948689562,3.9275774631949547,3.7371302692212605,37.32070648430198,4.415306336197605,3.9008673868098818
2008-04-16T00:00:00+08:00,3464.163,28.536192623547755,80.34739936401449,38.76799020634033,55.43099117715042,47.48483875653175,4.012453070086015,3.9068780427889243,38.76799020634033,4.563796742019425,4.049940153428767
2008-04-15T00:00:00+08:00,3550.624,29.095175249016204,85.32841906957366,39.81208141456128,57.026071682885494,48.94701375734657,4.08758728496765,4.01630597382585,39.81208141456128,4.680356907681309,4.188864507417797
2008-04-14T00:00:00+08:00,3485.927,28.70955939950602,82.7845173071626,38.851222496889086,54.3819074646619,48.64116045453736,4.02819631640761,3.9022053502204246,38.851222496889086,4.556522694160813,4.050951347513106
2008-04-11T00:00:00+08:00,3727.661,31.084418015183406,93.04711708663187,41.72584040451957,58.55639887783584,52.1115301169029,4.298810961421695,4.19102653729278,41.72584040451957,4.869695825664636,4.3561183581125045
2008-04-10T00:00:00+08:00,3691.382,30.912507940680943,94.83847644925157,41.487050261081585,57.55069072475665,51.43986023754221,4.2706651167181695,4.1342020529788,41.487050261081585,4.80673053352391,4.267317222216594
2008-04-09T00:00:00+08:00,3614.636,30.479990814427104,94.27503482291893,40.55514407587758,56.10998319030002,49.94528865808418,4.200663886587125,4.04260193227514,40.55514407587758,4.692276320061053,4.174529444172119
2008-04-08T00:00:00+08:00,3814.993,32.15647767989835,103.08056320643709,42.65110420362035,59.30197063326708,52.5513529681338,4.436809553748171,4.291542724488776,42.65110420362035,4.935557517649546,4.419876595297468
2008-04-07T00:00:00+08:00,3758.004,32.039224677287045,102.40008881347218,41.79024407455518,57.82598387707494,51.37501291501487,4.417591170262215,4.212488485322817,41.79024407455518,4.839325176565601,4.321074526253437
2008-04-03T00:00:00+08:00,3556.961,30.35923395773717,92.94410377284535,39.32954402725634,54.35122436097058,48.86143979177044,4.239767767116638,3.9705807955347914,39.32954402725634,4.575478796981698,4.092299935308956
2008-04-02T00:00:00+08:00,3462.169,29.530908914707403,88.20954716905467,38.355106193900035,53.79256048138298,48.40668737985425,4.122645025070162,3.8720082365969444,38.355106193900035,4.4729172994173805,4.009124806523941
2008-04-01T00:00:00+08:00,3546.858,29.544467861726687,95.20103656226044,40.22746767873081,57.30980073674429,50.88166362609046,4.110151997160343,4.098537318353524,40.22746767873081,4.723994017498742,4.251284557055559
2008-03-31T00:00:00+08:00,3787.38,30.87691409142164,110.22644030164724,43.62440108329783,62.29861597838468,55.58335495414795,4.298097523904909,4.476105356414265,43.62440108329783,5.123904094958617,4.656210625565212
2008-03-28T00:00:00+08:00,3932.388,31.96643353848748,122.62817587034752,45.75157006523997,65.46478747059052,58.1494135249184,4.424679033097411,4.698743497440195,45.75157006523997,5.335387029326292,4.844928123581419
2008-03-27T00:00:00+08:00,3783.229,30.53391504260523,115.48347527177927,44.46372780110209,63.47469579657509,57.422483616377214,4.2331009611108055,4.576381739080431,44.46372780110209,5.211873729571242,4.744068961830473
2008-03-26T00:00:00+08:00,3962.975,32.34218309169755,128.03321121169506,46.80311357210163,67.50320441078438,59.70630536655638,4.470124514129492,4.843159977654159,46.80311357210163,5.51282236211783,4.965972866993841
2008-03-25T00:00:00+08:00,3959.756,32.88432787050151,127.93131047452053,46.86423201728062,68.17641383669094,60.140764062236954,4.511776226259047,4.865848939127865,46.86423201728062,5.5001622529761685,4.983344372846739
2008-03-24T00:00:00+08:00,3911.547,32.782050897762005,126.5559421620216,46.34608363894245,66.60860904127921,60.20608833120855,4.494792363906164,4.7977526380145825,46.34608363894245,5.4510154885732085,4.92700567716654
2008-03-21T00:00:00+08:00,4061.537,34.245027550261185,135.63298921517526,47.75237693761185,68.03874447766796,61.12618582994827,4.6938512708620905,4.919924732445444,47.75237693761185,5.578988802874358,5.045302690803641
2008-03-20T00:00:00+08:00,4021.481,34.348491275678974,136.94416399069684,47.70215460238556,67.48208054789932,60.20735866952975,4.703068138201381,4.880100376798776,47.70215460238556,5.5578966804080645,5.019983115283849
2008-03-19T00:00:00+08:00,3896.211,34.065596336711614,129.5862900902692,46.17913742623096,64.52814566709054,58.437346942818266,4.652524011617627,4.709204087419392,46.17913742623096,5.3901091347035655,4.853976008701801
2008-03-18T00:00:00+08:00,3757.575,33.30074194171914,119.07818422922996,44.5014374118679,61.69482379456442,56.4076391582031,4.533464361296889,4.512854716692195,44.5014374118679,5.188090897344941,4.665975451903127
2008-03-17T00:00:00+08:00,3987.207,34.819199361254675,136.58602232968585,47.953859133559696,67.03820592245096,61.029750289560916,4.741684807051846,4.87249097884872,47.953859133559696,5.5835362758948905,5.0095780864405075
2008-03-14T00:00:00+08:00,4223.51,36.4780023017672,162.27093300591176,51.65606217611898,73.35554300035169,65.9527501677541,4.932437833783697,5.269320448163268,51.65606217611898,5.979527494251939,5.363734596617881
2008-03-13T00:00:00+08:00,4261.04,36.67708432167112,167.0854117148033,52.20520214219606,73.9950936278629,67.66744165189152,4.950874256186143,5.30830062349756,52.20520214219606,6.026437231701193,5.404020206097993
2008-03-12T00:00:00+08:00,4393.066,37.691338772012436,182.45935034234824,54.247065641699365,76.63983504864851,69.90045029074335,5.0850130528635935,5.517217606632159,54.247065641699365,6.229406423943212,5.658683528493679
2008-03-11T00:00:00+08:00,4521.881,38.57896788102477,196.05642051031157,55.65665975382017,78.71374497166697,71.58455393337442,5.206133450869009,5.673878403765668,55.65665975382017,6.390787563747616,5.834882436981877
2008-03-10T00:00:00+08:00,4496.457,38.30954390282953,192.71450902771804,55.192409040771956,77.53382865497151,70.29281253960194,5.173499440575411,5.599321616978644,55.192409040771956,6.3563727170830155,5.792476742507846
2008-03-07T00:00:00+08:00,4673.165,39.79334975484061,211.9628462620495,57.326813777262245,80.49222987516312,73.27526994044047,5.3676057902744825,5.795769457468794,57.326813777262245,6.554209774588974,5.963171013069771
2008-03-06T00:00:00+08:00,4744.692,40.38196761001003,225.31407452889005,58.35602597266478,81.91427521157316,75.13676155316406,5.446671626958183,5.923637263195823,58.35602597266478,6.67303553128141,6.101900373195962
2008-03-05T00:00:00+08:00,4702.663,39.79972088009322,222.60292577650281,58.01119403882137,81.88964187903387,75.12061528666669,5.365817818783007,5.8865951095674065,58.01119403882137,6.6489003955642305,6.098866226261919
2008-03-04T00:00:00+08:00,4723.168,40.18047319212576,224.21742182441744,57.94361092098921,80.58664192850719,74.66612876690535,5.417624634757595,5.860437046349846,57.94361092098921,6.66220689430957,6.024296537519269
2008-03-03T00:00:00+08:00,4812.428,41.15085731414816,234.03678391848666,58.74917879082716,81.43785011312177,75.22061104888128,5.546450396318901,5.912712236335897,58.74917879082716,6.725494700693849,6.075242469260134
2008-02-29T00:00:00+08:00,4682.938,40.332516308915196,219.17816807324004,57.19998513895349,78.82168311765099,72.59101514860639,5.438851224983287,5.7370114880345655,57.19998513895349,6.511395380185958,5.919791349483516
2008-02-28T00:00:00+08:00,4628.223,39.94543849518998,221.05458176852292,56.59293556879869,78.07904668827403,71.85010723298984,5.377941681832896,5.661789268364515,56.59293556879869,6.430236307419957,5.828692616969085
2008-02-27T00:00:00+08:00,4637.087,40.31681924951707,223.38768220829107,56.6764444727834,79.27711154073708,72.06245091514602,5.424274383292221,5.662129101707219,56.6764444727834,6.412599596923658,5.829451914980642
2008-02-26T00:00:00+08:00,4520.349,39.38319953560027,213.6459302620249,55.431183655978096,76.73632786397327,70.83970240907445,5.299461177209098,5.535007635566095,55.431183655978096,6.282266767163377,5.696437345525485
2008-02-25T00:00:00+08:00,4523.734,39.0306728178886,210.81570255021742,55.41066582355245,76.42367851476472,70.43686724475792,5.252820030574249,5.506267548578823,55.41066582355245,6.28663581106487,5.711842004048638
2008-02-22T00:00:00+08:00,4696.745,40.668332664648524,233.36096172536128,57.6166703879419,79.75673608127914,72.92634418847024,5.469308746003385,5.707024647626754,57.6166703879419,6.538467279090163,5.845247158375652
2008-02-21T00:00:00+08:00,4849.457,42.067898006211394,251.380445948017,59.133491316617715,81.6466643576612,75.14205847470544,5.657924665393617,5.846467466517622,59.133491316617715,6.680571645823023,5.991180118507506
2008-02-20T00:00:00+08:00,4854.165,42.41825463495028,249.12387587214283,58.73868459904434,81.03375856153504,75.23991651076877,5.703389286361876,5.779994646567186,58.73868459904434,6.663712376454394,5.9458380032862035
2008-02-19T00:00:00+08:00,4940.692,43.3223521190188,260.9755012550145,59.52814468421567,81.9435505157651,76.16855686740692,5.8230095366779535,5.849216102699449,59.52814468421567,6.745403100265152,5.97817898568732
2008-02-18T00:00:00+08:00,4838.857,42.45355117715115,246.1061749603575,58.30328468769975,79.76270833809218,74.869046293592,5.703667565978386,5.739559263853024,58.30328468769975,6.613496527425272,5.9225764232994695
2008-02-15T00:00:00+08:00,4728.074,41.785811913999396,228.17775579488895,56.7553743469779,77.8555419004376,72.04583437749727,5.6141224017321925,5.575517151391693,56.7553743469779,6.434272059181515,5.7348292662748666
2008-02-14T00:00:00+08:00,4780.828,42.27576154338523,233.0279305464491,57.1799966371512,78.02848788042238,72.53970663788111,5.681625256328375,5.607190135199426,57.1799966371512,6.496742179447494,5.771176181146665
2008-02-13T00:00:00+08:00,4708.888,41.69325211996568,222.1063933709229,56.06564121949477,76.70621851539487,70.58405289584447,5.6105519968402415,5.497823623665953,56.06564121949477,6.37757743407892,5.674532565995933
2008-02-05T00:00:00+08:00,4787.864,42.64420417271417,232.10901862765766,56.58030139118907,77.50340369827101,71.5671092676413,5.737810407090727,5.52372664995759,56.58030139118907,6.433043520485155,5.675161892906113
2008-02-04T00:00:00+08:00,4803.43,43.28328944032867,236.83825038235616,56.49515207897256,76.7221011970162,71.90097785140405,5.814526858133734,5.506823912666804,56.49515207897256,6.397814925834917,5.656989926224718
2008-02-01T00:00:00+08:00,4441.404,40.21824517646031,215.413781724016,52.982365956730995,70.54566834199011,67.14148931918523,5.38566081243854,5.101551953390224,52.982365956730995,5.9085637397655795,5.256783032325348
2008-01-31T00:00:00+08:00,4533.973,40.77576455283227,235.30616155687275,55.04748582731386,74.00383395291696,68.96573998364848,5.460807780433289,5.342267556037233,55.04748582731386,6.191829034664722,5.510755992176892
2008-01-30T00:00:00+08:00,4647.528,41.199655398914565,254.11236376892006,56.7092587264632,76.50471249530489,71.96285660161422,5.518591000536746,5.5346210807560405,56.7092587264632,6.3955946600475055,5.698308550041208
2008-01-29T00:00:00+08:00,4679.123,41.541513855463634,251.90210819744902,56.40198103286663,76.15040829587082,71.65162738498601,5.56404551277659,5.504487177861614,56.40198103286663,6.3621365204331015,5.676119875171308
2008-01-28T00:00:00+08:00,4634.532,41.24448255124089,238.22202119833946,55.567012711562604,75.17384107423055,70.74719845674409,5.523594124372314,5.4039561275224095,55.567012711562604,6.32767799685633,5.585175794779431
2008-01-25T00:00:00+08:00,4973.843,44.427514516345354,298.8767266356295,59.737886397766225,80.34561302816003,75.50587484811169,5.955175263849181,5.8743065378077475,59.737886397766225,6.783804954619757,6.043053919490513
2008-01-24T00:00:00+08:00,4936.428,43.978855107386394,298.3449812054927,59.592166211929175,81.13559030716559,75.42827441970252,5.905417564119099,5.875596331713497,59.592166211929175,6.787161379716794,6.046754955878747
2008-01-23T00:00:00+08:00,4854.062,43.91053231639184,280.81567758087493,58.24576415429255,78.11021943792439,73.57013215408048,5.890327479543631,5.716358033992831,58.24576415429255,6.606848672554607,5.864385987359851
2008-01-22T00:00:00+08:00,4633.544,42.550839051534055,238.9987141537227,55.697344987525014,74.58713211543528,70.5087462807607,5.707178793785278,5.463444918945843,55.697344987525014,6.328714405906372,5.639094640441371
2008-01-21T00:00:00+08:00,5026.342,45.9111217143981,312.88728259609854,60.77732250185816,81.41922556406222,76.77624316552593,6.159503008621183,5.992754515125878,60.77732250185816,6.864581524433675,6.17145737839122
2008-01-18T00:00:00+08:00,5273.182,48.34816637766599,372.1805389307996,63.593751312354925,84.93280428941944,79.72427934688814,6.491752732489894,6.275241514384435,63.593751312354925,7.1776945528149785,6.4881140137306375
2008-01-17T00:00:00+08:00,5227.134,48.03777887191819,362.8297670059177,63.06755463590196,83.92577870386069,78.99750125812187,6.450120793208815,6.217169181800745,63.06755463590196,7.130127817309393,6.451606623022131
2008-01-16T00:00:00+08:00,5360.717,49.30760652475399,384.4730670358835,64.61297962050693,85.74207735932033,80.36465635932393,6.6216598576431,6.3644209953201045,64.61297962050693,7.275454296253236,6.578453997229278
2008-01-15T00:00:00+08:00,5510.949,50.70814427846055,424.58960186271156,65.698714624224,87.43664989888643,82.00177069389304,6.810369799074297,6.452131168905617,65.698714624224,7.367506003298595,6.6807212738059185
2008-01-14T00:00:00+08:00,5521.694,51.15216357512111,415.9227713256649,65.1081256284215,87.10351879238813,81.32846750800591,6.870037938067063,6.389167512540783,65.1081256284215,7.332230913298992,6.604948964480778
2008-01-11T00:00:00+08:00,5478.62,51.00527399358977,394.5397812344149,64.13401018169043,85.45881381178557,80.10862775452534,6.85455513528098,6.297218194525076,64.13401018169043,7.256146366996869,6.532797408761741
2008-01-10T00:00:00+08:00,5462.924,50.731112440690545,401.2669477835355,64.20779574740972,85.75292211800355,79.89446611919185,6.817720895942545,6.311355161434222,64.20779574740972,7.247806430872697,6.526425611222651
2008-01-09T00:00:00+08:00,5415.552,50.49773498388989,390.0419868401206,63.821998551212914,85.5135951021923,79.53987768189315,6.787738733825965,6.290333245259904,63.821998551212914,7.218567510379696,6.5415336960661135
2008-01-08T00:00:00+08:00,5314.166,49.98608602391284,355.6224785311718,62.14206477053053,82.99877609407548,76.95154695998067,6.726208051241044,6.121553136466861,62.14206477053053,7.04791846060718,6.345735104379378
2008-01-07T00:00:00+08:00,5372.951,50.04750303006849,392.84267415673224,63.681214317178224,85.28193661927527,78.77461051248471,6.7345569976426365,6.2937849900007174,63.681214317178224,7.186319404345929,6.545238184669787
2008-01-04T00:00:00+08:00,5296.571,49.77256838746337,377.356557798678,62.669686147065484,83.93299551374733,78.16169363503083,6.703538754549688,6.242000834180315,62.669686147065484,7.099558994166119,6.478069528691469
2008-01-03T00:00:00+08:00,5251.097,49.37884598922503,378.15504259551784,62.47402646112638,83.4894599007998,77.40054518445965,6.665490053648544,6.233437552338221,62.47402646112638,7.0825124281841125,6.440674566493508
2008-01-02T00:00:00+08:00,5195.468,48.97541199968248,359.1467515778173,61.25963850464901,81.51809806467183,77.10844720272344,6.611524816986041,6.101634496207268,61.25963850464901,6.961261163117817,6.342921334660376
2007-12-28T00:00:00+08:00,5115.432,48.96457684792132,399.343482970771,58.71016401093395,80.4424617791091,75.38635651559684,6.25762986863897,5.855850216724744,58.71016401093395,6.74822333126612,6.093140112177668
2007-12-27T00:00:00+08:00,5136.766,49.268122224430385,416.4760735408995,58.889725440649855,79.99282973539111,75.12412990994223,6.315946717934102,5.882844319162732,58.889725440649855,6.770053858501738,6.09554051677548
2007-12-26T00:00:00+08:00,5050.724,48.3363002266483,407.0605751461189,58.31205527490694,79.50006917325588,73.96166976793911,6.19174255597402,5.828154453737616,58.31205527490694,6.671913792605224,6.012354967192833
2007-12-25T00:00:00+08:00,4989.446,48.04907956961577,381.21850816137203,57.219869529838824,78.03757475379547,72.89659673481685,6.154937865338003,5.718083700072322,57.219869529838824,6.551498646721843,5.861540125065675
2007-12-24T00:00:00+08:00,4967.455,48.12147355709952,371.5234427029498,56.718185592747716,77.9705245331002,72.27962740484357,6.165107228322989,5.658649629982702,56.718185592747716,6.507896207317816,5.830645098045876
2007-12-21T00:00:00+08:00,4873.496,47.223879461458736,356.71066676261654,55.90470336655745,76.1765567122394,71.18706535890647,6.050638689040357,5.584959526552757,55.90470336655745,6.407189632005399,5.772262505893704
2007-12-20T00:00:00+08:00,4808.675,46.574163628117326,350.8271620876119,55.0101885551932,75.8770370041217,70.8340348567467,5.966498977437191,5.507456057972295,55.0101885551932,6.331863231579267,5.701159104882956
2007-12-19T00:00:00+08:00,4729.569,45.76035133990725,334.72011549542873,54.294917834580104,74.7937066759009,69.94899433148102,5.872270271318264,5.446480836076563,54.294917834580104,6.243204005654572,5.572911624894759
2007-12-18T00:00:00+08:00,4621.49,44.61008180050612,310.9423963870408,53.128980725617104,73.0429297842762,68.4727760079284,5.744588105485669,5.330991116363001,53.128980725617104,6.097983208777863,5.462612279270295
2007-12-17T00:00:00+08:00,4651.781,44.822795892544875,313.08107313436176,53.461221777188676,73.50230002024807,68.43776007933666,5.772357659505363,5.37976452960051,53.461221777188676,6.156042973660205,5.542420021750534
2007-12-14T00:00:00+08:00,4729.545,45.990248164896364,309.8009273902851,53.47875526973642,73.54915263754962,68.078844968149,5.922621961231599,5.359998371301075,53.47875526973642,6.144992814718506,5.554781581118931
2007-12-13T00:00:00+08:00,4635.834,45.333162034024475,284.4882207986836,52.38835690411403,71.43799440289695,67.0517400378176,5.839504501344694,5.248649719964407,52.38835690411403,6.024275166730604,5.413488092092335
2007-12-12T00:00:00+08:00,4808.417,46.73437332579421,322.1350875859136,54.107074491959956,73.66523027751136,69.05711500408712,6.021848159535274,5.415764034572144,54.107074491959956,6.224997755666016,5.563568007767533
2007-12-11T00:00:00+08:00,4843.928,47.29435828116957,316.73018871813207,53.893026938155344,73.09401876670066,68.5965356784244,6.093582489425362,5.38823508432255,53.893026938155344,6.193508025298527,5.528891562533671
2007-12-10T00:00:00+08:00,4823.943,47.35176516112166,309.946142519185,53.392243622916304,72.42940659003105,68.39783813503429,6.100974489716373,5.324878243737949,53.392243622916304,6.098648056662813,5.4827113066222655
2007-12-07T00:00:00+08:00,4723.602,46.541857735094894,278.95730543112086,51.95923371006309,70.58296376746362,66.07237685319932,5.996489501460323,5.193811129132176,51.95923371006309,5.949461120532981,5.341481924607184
2007-12-06T00:00:00+08:00,4653.247,45.929265342359336,263.73590768486093,50.9952041969213,69.57083258084629,65.38787512258439,5.918891786605111,5.106278159230864,50.9952041969213,5.848649758877292,5.244461642470839
2007-12-05T00:00:00+08:00,4642.322,45.89866283482202,261.5139449735393,50.85422121605908,69.27651582046028,64.33509495341247,5.914997361552109,5.081192101682391,50.85422121605908,5.845660707509926,5.207703150363633
2007-12-04T00:00:00+08:00,4526.365,44.72065093494497,244.27354757759036,49.80537353164425,67.93112790432491,63.46408355188186,5.763263486409179,4.991125259810103,49.80537353164425,5.719270646411455,5.097884628456681
2007-12-03T00:00:00+08:00,4479.889,44.19030948779982,241.73496252058573,49.52188237913963,67.60380599075451,63.2854820798923,5.694773172352536,4.969842315070406,49.52188237913963,5.649991541219352,5.0948479000381175
2007-11-30T00:00:00+08:00,4440.018,43.78497841559934,234.0972924542547,49.07792964937571,67.33883139950373,62.77470395879018,5.644920707300343,4.91569695846546,49.07792964937571,5.6415756166866835,5.0291925968096525
2007-11-29T00:00:00+08:00,4526.026,44.63149435434705,249.33603016825373,49.99041043270556,68.263557990889,63.33320209396581,5.7545308536017865,4.995978333964799,49.99041043270556,5.72888266584805,5.092797671111791
2007-11-28T00:00:00+08:00,4362.946,42.726088912044915,228.09326734785304,48.67996869760472,66.82552507082661,62.228197101385234,5.508850687509488,4.867552914364683,48.67996869760472,5.583388032340627,4.971121493236122
2007-11-27T00:00:00+08:00,4414.673,43.32602694446338,235.66399818128747,49.009397742969554,66.96103651253601,62.3374468884046,5.587436404840965,4.88693822348938,49.009397742969554,5.626122856175753,4.966138120658057
2007-11-26T00:00:00+08:00,4487.506,44.02579642798244,243.34125231301894,49.450515293172074,68.08280705913965,62.847836517906785,5.677652170464868,4.917518724480263,49.450515293172074,5.704006167713216,5.028451454911245
2007-11-23T00:00:00+08:00,4535.842,44.55128155584409,245.52211081144662,49.884294359224015,68.47037979219662,62.79887607446685,5.746752871199166,4.952931012873847,49.884294359224015,5.745688307031285,5.057299853204823
2007-11-22T00:00:00+08:00,4452.905,43.770786173957525,223.45910310308003,48.9021426055711,67.47083709618128,61.701046723818756,5.648760316637665,4.848111658392148,48.9021426055711,5.650279463613477,4.978403189708371
2007-11-21T00:00:00+08:00,4661.75,45.789261595899646,260.0731081821986,51.181818598273985,70.85203814302156,63.99790088650185,5.909974851697327,5.084061198652763,51.181818598273985,5.911052215455516,5.204965085784375
2007-11-20T00:00:00+08:00,4727.053,46.51943525816487,275.12775134268406,51.861371429825056,71.34399340033993,64.80066253832294,6.004943168189554,5.167451108671576,51.861371429825056,5.975251491795697,5.256964249010732
2007-11-19T00:00:00+08:00,4656.395,45.884883005077846,262.7728341637572,51.030843743463095,70.34474820302061,64.20318089433405,5.95636192274455,5.1055268536295335,51.030843743463095,5.892324687315919,5.205133983056147
2007-11-16T00:00:00+08:00,4634.689,46.06107713338045,241.4194323326857,49.623473775978276,68.11660508694301,62.213556412875654,5.978133024935561,4.981172408050337,49.623473775978276,5.762803423709375,5.048253441733637
2007-11-15T00:00:00+08:00,4683.703,46.545446131234414,241.6445637506131,49.65070188962383,68.44850233432953,62.030487599387335,6.041375478870522,4.966858938955368,49.65070188962383,5.778618855469692,5.0299431135343635
2007-11-14T00:00:00+08:00,4740.26,46.86930370011552,251.87710842457133,50.37616459918325,69.24621666570506,62.81899738765145,6.085876608927864,5.039218133765319,50.37616459918325,5.843314708834113,5.100182198809772
2007-11-13T00:00:00+08:00,4559.409,44.80484478634624,225.5929113012182,48.525256510847974,67.48450239773041,61.25163312096983,5.821543916434446,4.874246244421475,48.525256510847974,5.632690756814144,4.9682894804467805
2007-11-12T00:00:00+08:00,4580.837,45.107227235764704,223.5720901304997,48.332510980644464,67.14991477261005,60.604436600401286,5.860781612704893,4.836173173142926,48.332510980644464,5.623256098242654,4.946828642883668
2007-11-09T00:00:00+08:00,4637.474,45.99729500538778,233.79382663041685,49.16720880717369,67.3268633479823,61.521774604772176,5.9771638711301724,4.895843423079563,49.16720880717369,5.73870271344862,4.980647845210831
2007-11-08T00:00:00+08:00,4687.789,46.11822273070728,243.544663229443,49.71044089867942,68.57819198859553,62.122386309837,5.992942264390487,4.933108780250372,49.71044089867942,5.828779293861971,4.98720098474368
2007-11-07T00:00:00+08:00,4913.689,48.39712445150724,282.9391170269045,51.7374683260555,71.11754270286356,64.13038163874779,6.303134169613633,5.132117121571621,51.7374683260555,6.087975124357624,5.215774161825731
2007-11-06T00:00:00+08:00,4895.231,47.924275742727325,284.17719050242715,51.89382316187225,71.4959412329809,64.43884937332558,6.242285756635134,5.149270147495103,51.89382316187225,6.089085467712077,5.231887822520817
2007-11-05T00:00:00+08:00,4913.408,48.63727337841787,278.89138146242533,51.530551991935326,71.35013246724388,64.66768335263343,6.33497053213393,5.1010565038617655,51.530551991935326,6.070087250566302,5.213456790063141
2007-11-02T00:00:00+08:00,4979.182,49.75714864645074,274.6581713911435,50.95125597505732,70.58615450549107,64.09157855024483,6.481878141059256,5.014266432158443,50.95125597505732,6.022060903359086,5.1034138397575335
2007-11-01T00:00:00+08:00,5097.584,51.2201931201007,306.75614141417384,52.243010855141726,71.88099970071553,65.58801962684527,6.638552770367709,5.12665236419814,52.243010855141726,6.17149130990782,5.243824503997316
2007-10-31T00:00:00+08:00,5187.994,51.68569824794677,351.14416415338167,53.895422149486464,73.6370566477913,67.48871363137033,6.699022141252672,5.30183841700984,53.895422149486464,6.345233814916623,5.452104960060324
2007-10-30T00:00:00+08:00,5074.52,51.420567582574535,326.5110638170492,52.63197780136679,72.55527420862714,65.89957906945638,6.689565595261743,5.119257211820921,52.63197780136679,6.07872741363405,5.25511851011279
2007-10-29T00:00:00+08:00,4988.308,50.754990087079236,332.39371100981367,51.958244213261835,71.33171284983844,64.83546936520662,6.6472205791561745,5.0217801772647945,51.958244213261835,5.987981678867859,5.160873355274342
2007-10-26T00:00:00+08:00,4893.704,51.16908235983827,322.7590155179956,51.717697131833305,70.58450336312332,65.26122395945967,6.55583515759861,4.978670141857361,51.717697131833305,5.976223979447968,5.120042864715785
2007-10-25T00:00:00+08:00,4862.389,51.299508396289255,343.63998492203365,52.69872331432074,71.85171471075958,67.1522618417986,6.547832557285683,5.0188452635925325,52.69872331432074,5.999845905904649,5.150343959726639
2007-10-24T00:00:00+08:00,5133.186,54.14767226269567,486.2683241058104,57.04058180028206,78.1314299435557,73.07492481113047,6.888718482028628,5.467099866567944,57.04058180028206,6.490333369698718,5.603365139257635
2007-10-23T00:00:00+08:00,5126.69,53.905192475278355,538.3974043194123,58.568815982163834,80.49306060530866,76.34989523188591,6.847156859112343,5.624130829733474,58.568815982163834,6.571741918592454,5.77265306076625
2007-10-22T00:00:00+08:00,5082.313,53.40795798200792,546.9693636111082,59.06436542545797,81.57289926467375,76.48122244846243,6.747440417487943,5.64531756371016,59.06436542545797,6.603555733614545,5.7633893833762135
2007-10-19T00:00:00+08:00,5213.949,54.99172648715312,673.22335873903,61.49754966035119,84.78695204780031,80.0160641636727,6.935533893495865,5.831520101885779,61.49754966035119,6.814076309219142,5.993960765552444
2007-10-18T00:00:00+08:00,5217.636,55.13613977373637,743.7594218477215,61.97917263410616,86.53102787115856,80.54364914565222,6.952853026178456,5.875007176189203,61.97917263410616,6.864450325698872,6.015035357075053
2007-10-17T00:00:00+08:00,5390.191,57.140902928863156,877.7022142566922,63.4444540543766,88.5002411235356,82.73112831993211,7.228530468230358,6.013838382963515,63.4444540543766,6.994463824176871,6.101562688410193
2007-10-16T00:00:00+08:00,5427.41,57.75300371008603,991.0024227968858,63.75387524215567,88.52316127240141,83.48612923738978,7.287791555692192,6.026455876787018,63.75387524215567,7.009551681728908,6.091449393504445
2007-10-15T00:00:00+08:00,5373.891,57.14573195875885,991.9994647513265,63.11377120152937,87.74334533220367,82.63702241907765,7.208854945270247,5.945061321096859,63.11377120152937,6.943037201109603,6.051668740982025
2007-10-12T00:00:00+08:00,5317.13,56.126018210118275,960.4799809585744,62.84264294991596,86.73773269313597,82.32678157789442,7.083347080606923,5.9825026631399005,62.84264294991596,6.925664009464089,6.035013317652417
2007-10-11T00:00:00+08:00,5368.085,56.41385851427349,1112.0088151370949,64.37033755339363,89.8021843677395,84.6157436676391,7.1178059238151254,6.171238158547915,64.37033755339363,7.070937999469193,6.23105330148986
2007-10-10T00:00:00+08:00,5346.09,55.21411933926384,1182.9767834332367,65.37324500649315,91.5098630194221,86.03878865880145,6.966428598138806,6.291013232598192,65.37324500649315,7.1819606425437135,6.311116803935432
2007-10-09T00:00:00+08:00,5347.191,54.79262695000121,1188.4331303908923,65.68546360652161,91.87593676834783,85.6811149508008,6.9132849373332235,6.340858649692451,65.68546360652161,7.205312806152725,6.384444170646156
2007-10-08T00:00:00+08:00,5317.701,54.54053629673255,1123.8165023985252,65.1284172126312,90.92541368604732,85.59980954719384,6.884361385275589,6.280042985328792,65.1284172126312,7.173860323432786,6.279945979196213
2007-09-28T00:00:00+08:00,5270.53,53.26769471510523,1004.1904088626318,65.11577744135174,90.83917945859132,85.04462923130234,6.723166574140225,6.282593375957093,65.11577744135174,7.212071197374728,6.311151339970814
2007-09-27T00:00:00+08:00,5135.19,51.84259707942069,847.9982961560507,63.70899337702807,88.90165925067451,83.96356054857775,6.543346966464363,6.154685910211218,63.70899337702807,7.036120053790984,6.218536532660354
2007-09-26T00:00:00+08:00,5079.209,51.09276191806584,790.5624287869261,63.028057279753014,88.20975375284407,82.49438323457562,6.455933845112581,6.102833800479302,63.028057279753014,7.016673180097082,6.143136399477293
2007-09-25T00:00:00+08:00,5163.678,51.76164857905729,890.3167738288532,63.97472638094808,89.74306405517059,84.0067897877101,6.544468222973221,6.200981152765845,63.97472638094808,7.0912206362861925,6.2436460009000685
2007-09-24T00:00:00+08:00,5217.044,52.294389737489674,957.0362441182115,64.58363473873688,90.50567925504208,84.75413426453503,6.614345950820123,6.267845995630587,64.58363473873688,7.1836367533810295,6.353725566379138
2007-09-21T00:00:00+08:00,5181.353,51.98393535123914,879.0205124926038,64.37779629586909,90.21934357658088,83.99569341440167,6.575182885827774,6.246978865683837,64.37779629586909,7.183065188029332,6.287200311595541
2007-09-20T00:00:00+08:00,5213.515,52.106374944592716,969.5325728830006,65.0818717001374,91.5183410521873,84.64931002128037,6.591573957010385,6.331740918428359,65.0818717001374,7.209521388730412,6.378245699353295
2007-09-19T00:00:00+08:00,5148.055,51.3743111350184,904.5788856597625,64.32927294150132,90.3932164525652,83.72794276269107,6.5013224312536595,6.253663836001949,64.32927294150132,7.132640466248356,6.294881867902852
2007-09-18T00:00:00+08:00,5207.714,51.66731666777793,979.848892833305,65.21542138610349,91.29567073785827,85.44330479145599,6.5318572505818855,6.33848766618563,65.21542138610349,7.169397035802872,6.350922163055613
2007-09-17T00:00:00+08:00,5209.029,51.58336428870457,943.6087407551394,64.93543169989155,90.84286313435345,84.92146902825492,6.5319765167714525,6.305816949347471,64.93543169989155,7.136096668111255,6.302040476451408
2007-09-14T00:00:00+08:00,5109.209,50.573172379381425,803.2924546286389,63.49707776965709,88.68319213546896,83.12158709665064,6.407761806301562,6.1585959575849945,63.49707776965709,7.040961120335257,6.17735045800533
2007-09-13T00:00:00+08:00,5056.052,50.13413807827192,754.2542682716039,62.65039466564531,87.50128801005351,82.14787630561125,6.352887127796764,6.066932664822107,62.65039466564531,6.9366530589219035,6.0751487731793965
2007-09-12T00:00:00+08:00,4930.87,49.112178379504954,686.4909342472878,61.39812413661627,86.70198405440918,80.89914358984112,6.22721497068304,5.95834916556837,61.39812413661627,6.845866673883019,6.020436869344716
2007-09-11T00:00:00+08:00,4863.203,48.50883120404925,618.1652275675001,60.728652649709936,85.11065267050253,80.96220754564673,6.152499647944304,5.898977748157085,60.728652649709936,6.742401146699621,5.952735947218885
2007-09-10T00:00:00+08:00,5129.291,50.86209908134063,980.4227800223407,64.59455145965084,90.93338060973389,85.5951050259986,6.450876149412068,6.309218173784947,64.59455145965084,7.147278617904847,6.305311072727845
2007-09-07T00:00:00+08:00,5043.735,50.10832137619943,828.2229951009793,63.501154376426896,89.02546111325802,84.04360655227623,6.355456996059492,6.17264697118707,63.501154376426896,7.0284592781274835,6.17086205568668
2007-09-06T00:00:00+08:00,5159.095,51.19218424935206,1010.8074232853845,65.0324193677519,90.64608596924036,86.3183108299158,6.493180323858759,6.3279026826812625,65.0324193677519,7.185161609521501,6.35806807134543
2007-09-05T00:00:00+08:00,5109.101,50.46041051415996,939.4747481115313,64.4204561228477,89.83200135268072,84.651713347347,6.400992996130082,6.266050162197885,64.4204561228477,7.10149197519341,6.2982833416280135
2007-09-04T00:00:00+08:00,5097.72,50.274524170139394,917.9746178019151,63.976932353650035,89.51702922034828,84.51653836132178,6.392401777777843,6.224323782354709,63.976932353650035,7.033560111766723,6.239432733181689
2007-09-03T00:00:00+08:00,5148.783,50.51591085690755,1013.0509523067329,64.46104499069743,89.87976535778965,84.94700043142359,6.441759233637578,6.287275239272813,64.46104499069743,7.085817641504049,6.289913487690658
2007-08-31T00:00:00+08:00,5032.635,49.65815928884626,850.5422924157833,62.86712461203406,87.89005287189686,83.33283160470724,6.318763292612925,6.126288425952197,62.86712461203406,6.9265940839630105,6.161944265016574
2007-08-30T00:00:00+08:00,4979.693,49.428856977246575,884.3804688422971,62.54449253850126,88.45171434634847,82.94663414786389,6.270224034107585,6.058746956622441,62.54449253850126,6.8870325760104905,6.1403158136187965
2007-08-29T00:00:00+08:00,4890.344,48.8848927155388,827.2684705803766,60.99458987579345,86.57512928320179,81.22407883339604,6.198969720382462,5.854279500004172,60.99458987579345,6.723187275183843,5.920456176528307
2007-08-28T00:00:00+08:00,4952.283,49.9628002553724,833.5122354841897,62.04991983398911,88.50231477180549,82.93980742028063,6.302478435588784,5.907201349621075,62.04991983398911,6.763825270430716,5.973418732903448
2007-08-27T00:00:00+08:00,4944.197,50.69680292860598,819.2631260546257,62.4059626732779,89.37035856159392,83.51373541060893,6.274494229646414,5.914941652139938,62.4059626732779,6.829720884763349,6.011927335803248
2007-08-24T00:00:00+08:00,4933.148,50.92322766510492,868.3371895680598,63.32853128628756,90.25644475975666,84.3994629908357,6.254240752114323,5.938842041171276,63.32853128628756,6.822470430711283,6.007945425874006
2007-08-23T00:00:00+08:00,4874.828,52.7293817090975,911.0656963437096,63.49620873827418,91.30689409808419,85.79219340322574,6.196313498288825,5.914244346511529,63.49620873827418,6.770567038565575,5.981188437908849
2007-08-22T00:00:00+08:00,4803.812,52.3539066297659,916.9297041687292,62.978361581935154,89.7415935541882,84.88963899500355,6.184801956758903,5.860381496984985,62.978361581935154,6.664754803401311,5.940135516088159
2007-08-21T00:00:00+08:00,4733.484,52.16470193900012,954.7636810350589,62.59978525746897,89.71029695141111,84.48896028213456,6.149555481044614,5.793846357220019,62.59978525746897,6.618430180686954,5.873561634494388
2007-08-20T00:00:00+08:00,4660.47,51.97736830387027,1005.7299803783375,62.53724994704253,90.47910819801118,84.33404504574477,6.123445791677042,5.758505516954639,62.53724994704253,6.571405684062066,5.869596657874315
2007-08-17T00:00:00+08:00,4434.664,50.178591535715555,786.6331069195371,60.39343267330025,88.74607887102,82.3299870817069,5.836055161673741,5.546308360438494,60.39343267330025,6.2933234150986355,5.685051998770623
2007-08-16T00:00:00+08:00,4510.252,51.61256157367413,951.3510525032824,61.32801148121247,89.80851542332739,83.66602001361754,5.973808719290749,5.593111693190715,61.32801148121247,6.384686179252607,5.711076629941028
2007-08-15T00:00:00+08:00,4554.903,52.758168306711845,1164.942210452005,61.533508723786454,90.04758770613562,83.12083958507483,6.09796573326513,5.553432297119146,61.533508723786454,6.381387128574066,5.7142084369311466
2007-08-14T00:00:00+08:00,4559.002,53.34338606445462,1329.3415170321805,62.19182988025063,91.72699932120423,83.69109330892256,6.120455632750865,5.600692045720569,62.19182988025063,6.433680040588526,5.749522069107204
2007-08-13T00:00:00+08:00,4476.286,52.83600199385001,1428.520670508011,61.10633208564034,89.61047143114196,82.16442825093694,6.056264157978717,5.466679569309363,61.10633208564034,6.293396242250912,5.600553150860083
2007-08-10T00:00:00+08:00,4487.999,52.25014987943291,1580.6399282291527,61.57017668971559,90.2733262369315,83.0466204675812,5.987422131466025,5.4679621428750504,61.57017668971559,6.384319019473528,5.57808909891979
2007-08-09T00:00:00+08:00,4551.323,52.85725994529678,3515.039277245424,62.98966226668509,92.77513164071681,85.1532714142427,6.015792212061263,5.605049037813017,62.98966226668509,6.479167021593888,5.686241451515648
2007-08-08T00:00:00+08:00,4466.413,51.89101106954133,5320.3034923209525,62.592554284881174,91.83111112307867,84.42602652047344,5.901524923170523,5.561865040346176,62.592554284881174,6.415130729118551,5.648265801916734
2007-08-07T00:00:00+08:00,4526.902,51.96542614505547,-6857.844389257433,63.82179268534463,92.64059656947946,87.16274520429413,5.8975156291158015,5.658066105897831,63.82179268534463,6.513725733440471,5.724041217500264
2007-08-06T00:00:00+08:00,4520.395,51.81282810228899,-5762.8445741395335,64.13846733775986,93.8143884352679,87.00176891902865,5.874673454236511,5.6877617491650545,64.13846733775986,6.546752912919594,5.770669182352679
2007-08-03T00:00:00+08:00,4422.478,51.05727871595398,13674.256768754132,62.79348186814513,92.53233689239072,86.07510081082216,5.787057069321944,5.558567840540411,62.79348186814513,6.413803349576017,5.6710833180005435
2007-08-02T00:00:00+08:00,4294.149,49.44555266207003,4548.739942955212,61.887386369970805,91.61445716097518,85.17528240280956,5.60270108214413,5.491969547595217,61.887386369970805,6.3135421117622705,5.566125891079876
2007-08-01T00:00:00+08:00,4145.775,48.174394259229764,1730.1142567518034,59.80162208944406,87.85410819450287,81.29736897146783,5.459920967272489,5.296133992569787,59.80162208944406,6.088841895006503,5.382499995846004
2007-07-31T00:00:00+08:00,4330.363,50.07356972445266,7751.364627575153,63.106643066382894,92.86676079842825,85.37701790713619,5.6754264631861435,5.62464322102919,63.106643066382894,6.417297471982402,5.753070215247732
2007-07-30T00:00:00+08:00,4280.184,49.931441904864535,5363.299932081282,62.71041259686291,92.63046008561062,85.69065851301353,5.6614095420647255,5.558804078865257,62.71041259686291,6.365200197074351,5.6537508447722615
2007-07-27T00:00:00+08:00,4185.748,48.88990746767082,2886.356411239394,61.33271331339013,90.83167453880898,83.04034072348176,5.539626758050822,5.439812917662272,61.33271331339013,6.257407228059984,5.573119129382549
2007-07-26T00:00:00+08:00,4157.043,48.85365001740803,2721.7963441328748,60.452245898362186,89.01529004581883,81.69066880410952,5.533321812675151,5.3338071149145705,60.452245898362186,6.168252446319687,5.477985407602436
2007-07-25T00:00:00+08:00,4098.754,48.8085547525192,2693.1338702512253,59.69778103589577,88.14076880226021,81.3786961003875,5.4864757742550365,5.227089591841103,59.69778103589577,6.007853114479254,5.400394990115671
2007-07-24T00:00:00+08:00,4000.912,47.57901285108738,1631.464978893105,58.11066512539229,85.48373620441595,79.69284556876623,5.343685881697211,5.066387140224135,58.11066512539229,5.8363377365906075,5.224476469641263
2007-07-23T00:00:00+08:00,3993.755,47.606609690338466,1678.0106811996332,58.25687695118687,86.1093890573743,79.33189322424401,5.345037308571062,5.066673080705394,58.25687695118687,5.83223929673067,5.198832661090183
2007-07-20T00:00:00+08:00,3811.124,45.853034738626505,946.7494798844543,55.45265088945468,83.11225641486836,75.97396627542689,5.145052111305978,4.8032379304688115,55.45265088945468,5.552112091364362,4.959095386419049
2007-07-19T00:00:00+08:00,3658.818,44.239607846993906,727.888872758279,53.67142061353057,79.6832230450438,73.81768259065889,4.960718181552661,4.633463449318838,53.67142061353057,5.359420490587071,4.776144712814951
2007-07-18T00:00:00+08:00,3653.749,44.42097810207669,818.5556397340895,53.48572259614264,79.55566636000339,73.72934209056952,4.978749360425763,4.602241848275886,53.48572259614264,5.33953344241233,4.775164664059508
2007-07-17T00:00:00+08:00,3638.283,44.10065676482975,847.3370972939344,53.53998803504782,79.8359240898557,73.81569437347899,4.9418519304031605,4.599458874471511,53.53998803504782,5.360227437178979,4.779191174542219
2007-07-16T00:00:00+08:00,3554.566,43.25579612058958,692.3168606283215,52.53681626222889,77.47530410734572,72.89286127780338,4.846223281545485,4.502811188366773,52.53681626222889,5.238384555741938,4.64665006752146
2007-07-13T00:00:00+08:00,3672.401,44.31692405742598,950.4430973570499,54.16773371868609,79.47186524595844,75.58916349908334,4.961971498024176,4.658749101640125,54.16773371868609,5.399011333685914,4.796819218315688
2007-07-12T00:00:00+08:00,3674.554,44.3625698677631,962.9283407596806,54.26905736331271,79.06794026642886,75.92940056097633,4.965115037771685,4.678491522214285,54.26905736331271,5.4020656060142995,4.818530282095818
2007-07-11T00:00:00+08:00,3650.732,43.889709000510685,970.3552058842735,54.00525018369326,78.6151598096924,75.28027040176,4.909960266406032,4.644858294498688,54.00525018369326,5.380544867102244,4.81224150233802
2007-07-10T00:00:00+08:00,3628.317,43.701134543968394,921.032455616927,53.448690550740956,78.56587841422731,74.14017825947695,4.886774843099097,4.580615649703478,53.448690550740956,5.326707920506829,4.741153837690924
2007-07-09T00:00:00+08:00,3689.599,44.13738181189103,1231.1665450145629,55.12211157563744,80.40205246357226,76.20908580828534,4.932566634924436,4.729603428705528,55.12211157563744,5.476759002199126,4.874307170589576
2007-07-06T00:00:00+08:00,3580.425,42.963040073617606,957.7331251348842,53.549084560936315,78.39980651483688,73.7901806193719,4.7997891733144575,4.584804929365681,53.549084560936315,5.312960938748115,4.770852043826906
2007-07-05T00:00:00+08:00,3404.094,41.060628811993645,588.8223144610494,50.5816811549419,74.40129958133869,70.39604589988917,4.586035873906415,4.304642574286069,50.5816811549419,5.0307959311932064,4.517212682824763
2007-07-04T00:00:00+08:00,3614.014,43.349056265439025,1311.7642293234373,54.14396669053692,78.8171612794308,74.944615039101,4.838691146608157,4.606031927986573,54.14396669053692,5.378920320143193,4.7884354497054415
2007-07-03T00:00:00+08:00,3698.109,44.27895976860237,1581.8261018464973,55.49656491796569,81.16319697564053,76.92482225465237,4.943892526912543,4.735979554984363,55.49656491796569,5.496304452606491,4.911596587075358
2007-07-02T00:00:00+08:00,3631.68,43.52138194465412,1070.692044525112,54.52762922979866,79.27092578727398,75.2455407857517,4.846729241928228,4.6651105041103476,54.52762922979866,5.381937547358554,4.845669116107904
2007-06-29T00:00:00+08:00,3620.118,41.61522587319172,1303.0507602576117,53.55411287640963,80.1094722403153,75.04972085498935,4.577759729081404,4.523644188634538,53.55411287640963,5.334205279543452,4.663171054271849
2007-06-28T00:00:00+08:00,3737.627,42.58761780810411,2307.606670185735,55.865599872217544,83.11932866009725,78.27744528190038,4.680173926731086,4.748525447276829,55.865599872217544,5.602543040568796,4.8726906400543974
2007-06-27T00:00:00+08:00,3939.258,44.469306874098244,-5297.989460372105,59.68591219465267,89.28830273598518,83.6340521775797,4.889187874554512,5.110457920300613,59.68591219465267,5.937105757272075,5.203101072758641
2007-06-26T00:00:00+08:00,3836.035,43.33186247783796,5307.288540390304,58.349505893938485,87.42457958589841,82.73472152728121,4.762573629220644,4.999107787580617,58.349505893938485,5.804043791748291,5.090648279754867
2007-06-25T00:00:00+08:00,3779.947,42.848337257268156,1408.5447059120931,56.97302079067269,86.17376338091958,79.69225071886441,4.701883757132171,4.896306268778439,56.97302079067269,5.7513024638180195,5.01745783571874
2007-06-22T00:00:00+08:00,3985.454,44.87528277361886,6614.507507686994,60.94217394019979,92.5030836490653,85.81916727459986,4.920691156523034,5.281178162847108,60.94217394019979,6.101242577624899,5.394740446600567
2007-06-21T00:00:00+08:00,4167.592,46.63637550126468,-3184.3163366208596,64.49396684852375,98.07663592428008,91.8239701933267,5.1323474902365795,5.6479502588600425,64.49396684852375,6.4449608557893825,5.740797025618267
2007-06-20T00:00:00+08:00,4152.206,46.395688003380485,-4763.963617264562,64.62750489606735,98.69487858551142,91.56907269351959,5.097298954629771,5.670270737705604,64.62750489606735,6.469991435931889,5.730659065585359
2007-06-19T00:00:00+08:00,4254.366,47.43529374960496,-2152.232435968776,66.36569442798387,101.4684011149575,94.0792302360015,5.210752808475435,5.826373010033402,66.36569442798387,6.665383210734913,5.9195632935000555
2007-06-18T00:00:00+08:00,4208.05,47.073354814413236,-2075.667412165551,65.56219941873745,99.50849444913086,91.6593534515454,5.166622962892561,5.717029188131259,65.56219941873745,6.5098898338312985,5.787837757831829
2007-06-15T00:00:00+08:00,4088.314,45.936318144345734,-4011.367236936716,63.68637524083195,96.94193704642771,89.69467089887425,5.021135103153594,5.537659801393706,63.68637524083195,6.326059550437066,5.671192101188858
2007-06-14T00:00:00+08:00,4074.286,45.819454945561986,-10502.279616241693,63.781149262933326,95.93231965701042,90.16898855381436,5.007561244448006,5.555619269866389,63.781149262933326,6.331870123054889,5.655054425968662
2007-06-13T00:00:00+08:00,4122.418,46.53034564220265,-5388.9111067662625,64.74341409059512,97.77693188703077,90.33905808503795,5.084148488595143,5.648859108511552,64.74341409059512,6.411450527869351,5.694689170388868
2007-06-12T00:00:00+08:00,4015.964,45.31225281198044,-9763.40115802798,62.809283834031824,93.43030225600285,87.21198752430303,4.949978183366609,5.411253926743466,62.809283834031824,6.206967020186055,5.4910257707853125
2007-06-11T00:00:00+08:00,3910.547,44.31933599136759,2227.6691009650403,61.008131073515266,91.97642980173899,83.62193204964437,4.840827438104093,5.2836741527085795,61.008131073515266,6.056146732191416,5.361231195703717
2007-06-08T00:00:00+08:00,3819.939,43.37601857408024,1028.4671890531051,59.65098766303238,89.40125642602271,82.66826560803746,4.73785025211415,5.199983428542292,59.65098766303238,5.928758809160365,5.259396632741675
2007-06-07T00:00:00+08:00,3773.337,43.06988524441357,977.1306924527855,58.77770059009797,88.09696146944846,80.334857289018,4.705462182363581,5.12971681684857,58.77770059009797,5.8401912347634815,5.191977549771504
2007-06-06T00:00:00+08:00,3626.507,41.7459405974636,616.9267683742476,56.35976247604881,84.57269111840496,76.62511605707584,4.559706690365187,4.883287537062167,56.35976247604881,5.599138299034061,4.967769676113283
2007-06-05T00:00:00+08:00,3575.186,41.44145408743446,477.4683525287863,55.39691863017447,83.17740363895886,74.88967537379071,4.5263816353060955,4.805474116885718,55.39691863017447,5.51202877276806,4.854763115065454
2007-06-04T00:00:00+08:00,3487.624,40.42015316415888,363.6876705760536,54.001045104889094,82.48750304327159,75.12310893150917,4.4131096339909766,4.751211143386334,54.001045104889094,5.459418417467378,4.858452538645977
2007-06-01T00:00:00+08:00,3788.434,44.0433659483514,551.6229973129335,58.94684070247686,90.18623396639397,82.87778266863128,4.802769527850721,5.215913345687816,58.94684070247686,5.937775255167505,5.263690958350872
2007-05-31T00:00:00+08:00,3973.634,45.57444692491174,748.5632314871484,62.76794919184224,98.02611481082567,88.24585928133189,4.9706993515289,5.652208957804019,62.76794919184224,6.3257761179350664,5.6375625308203805
2007-05-30T00:00:00+08:00,4017.71,45.221885947021995,763.4197046836817,64.3289647606831,103.77963535571548,92.3656866040106,4.9321011689858825,5.941380889997269,64.3289647606831,6.539603537629656,5.832629057404615
2007-05-29T00:00:00+08:00,4327.684,48.254982226343856,1800.9708314983416,69.9912905070836,112.6640667811515,100.1689766086293,5.265916923674852,6.49791061399599,69.9912905070836,7.058025168674374,6.340460816084846
2007-05-28T00:00:00+08:00,4235.98,47.40483962997724,1565.3911630535738,68.56398728542862,111.22261132413458,98.70853230905863,5.162467915072592,6.380488418585189,68.56398728542862,6.934232059720999,6.217052057681606
2007-05-25T00:00:00+08:00,4146.312,46.35511209393311,1153.0553850291112,66.85991339592596,107.4900899474105,96.53493348813582,5.053349604568365,6.229508451780712,66.85991339592596,6.802403140804944,6.092546655700285
2007-05-24T00:00:00+08:00,4077.98,46.00722127203513,955.7790952600205,65.89917914276022,105.924874355403,95.60343219090876,5.012488964929028,6.134965759897759,65.89917914276022,6.695369321208986,6.002880593249366
2007-05-23T00:00:00+08:00,4092.642,46.139289706218776,1058.0464914095317,66.48979730804282,106.82074322622452,95.02685908443702,5.025482608022228,6.179753407740081,66.48979730804282,6.708232091019102,5.979595517659065
2007-05-22T00:00:00+08:00,4005.743,45.31238198256211,926.2968412090098,65.01391029212263,103.31975321801775,92.63835698828102,4.9355253945243165,6.0137264735997595,65.01391029212263,6.56677582278863,5.840342928995762
2007-05-21T00:00:00+08:00,3947.607,44.74927971315419,849.2301515257566,63.764455085556754,102.68556136287813,91.80540779928447,4.876555662298223,5.887388169319801,63.764455085556754,6.418735721796178,5.761895590667308
2007-05-18T00:00:00+08:00,3870.369,44.18526586648502,910.7006552363144,62.74957348137202,99.63618682629848,89.30757878657892,4.8121592985847474,5.739439452033474,62.74957348137202,6.278146730813286,5.609069193799194
2007-05-17T00:00:00+08:00,3864.224,44.290812110969924,1026.2117028903097,62.66616868560908,97.87997320455015,87.86152796471909,4.823037212442044,5.714260262096846,62.66616868560908,6.270989134329613,5.569814218227883
2007-05-16T00:00:00+08:00,3776.714,43.5300404009372,877.2970608603928,61.10643683355764,95.8325466280907,86.03555178199613,4.740352265108192,5.570123347648842,61.10643683355764,6.089096820064106,5.4483488742272215
2007-05-15T00:00:00+08:00,3676.748,42.61776303752264,706.3583015191941,59.50971910325633,93.04788081994029,83.76920397294104,4.6397395043732,5.422391880270253,59.50971910325633,5.937517850771707,5.286206966292456
2007-05-14T00:00:00+08:00,3804.934,44.13722869120514,1017.0506097408921,61.38146474848623,95.69521012409766,85.20606783142955,4.805378776001324,5.610463815442362,61.38146474848623,6.071417172339247,5.49263130027143
2007-05-11T00:00:00+08:00,3777.016,43.87179979127173,1184.7332815922387,61.017232135951446,95.11081637721304,85.46552347448782,4.771324985340175,5.5731556570143335,61.017232135951446,6.041955246504524,5.440540099744825
2007-05-10T00:00:00+08:00,3794.975,44.134075683099454,1677.7565958674836,61.41637654150864,94.71395243763376,84.92222073601549,4.799116208485232,5.5952229542603895,61.41637654150864,6.060290620407298,5.501329331931707
2007-05-09T00:00:00+08:00,3766.134,43.646462571799724,1604.8107305142457,60.82741613522048,94.52704230204814,83.93870219223565,4.745075731729327,5.527822214488938,60.82741613522048,6.003231302664609,5.427422951250849
2007-05-08T00:00:00+08:00,3752.39,43.277728209526266,9149.793759979337,60.99242789073522,93.74685100205963,85.04167149077061,4.671583719437906,5.520662674936656,60.99242789073522,5.995132601237669,5.405457045826008
2007-04-30T00:00:00+08:00,3604.926,41.42558880600767,814.414099309063,58.59082103409215,90.43794118154479,81.29555942783907,4.510654679988983,5.249376705209371,58.59082103409215,5.77947329264744,5.181801952296991
2007-04-27T00:00:00+08:00,3543.023,42.0351813583447,-94.51571970026978,59.16400445804862,92.08169156009623,84.35419667457637,4.488475069694818,5.359276730345091,59.16400445804862,5.710293999094793,5.16598431242113
2007-04-26T00:00:00+08:00,3564.055,44.258007244155586,-89.6519372603367,60.43086933779847,93.84410236231163,84.6740016658649,4.569570980614492,5.398962506103235,60.43086933779847,5.729874735842574,5.186965503323737
2007-04-25T00:00:00+08:00,3520.707,44.35704777607411,-87.72749164494212,60.2364849845453,92.91666747691947,84.5126776698541,4.55000826583307,5.333957967519598,60.2364849845453,5.636886380911185,5.11706584911859
2007-04-24T00:00:00+08:00,3522.101,44.690804732455234,-84.12472029886612,61.15332862828203,95.28963286059358,85.48809059788053,4.538837753755479,5.355346658509938,61.15332862828203,5.654458600007781,5.1674946483373025
2007-04-23T00:00:00+08:00,3498.388,44.85069965139903,-83.73411309121046,61.12459469157639,94.36372218968907,85.50165221975669,4.534052264902052,5.319802771259646,61.12459469157639,5.603149575404734,5.1336672186147085
2007-04-20T00:00:00+08:00,3350.321,43.31979801557323,-86.5139405558719,58.984091705109414,91.89216289051632,83.78921829132918,4.376853276893847,5.086230714898877,58.984091705109414,5.416723725687076,4.9512379665470085
2007-04-19T00:00:00+08:00,3201.725,41.74892714067862,-62.697973003812606,56.678813806343385,87.27389458205347,80.63689783475917,4.2172688908844815,4.929535643257221,56.678813806343385,5.172152246886837,4.710584568270255
2007-04-18T00:00:00+08:00,3368.681,43.983904096640465,-59.646690372394595,60.23410148705139,94.45773798494484,85.67170211802944,4.433454495718197,5.246687666522233,60.23410148705139,5.443931278998656,5.011790584796131
2007-04-17T00:00:00+08:00,3322.428,44.017941499763744,-57.8838957493178,59.18473947485023,92.55395066406408,84.73625132147224,4.415456880162125,5.12478806709753,59.18473947485023,5.342861580593647,4.882187329969366
2007-04-16T00:00:00+08:00,3268.874,44.052542411413306,-56.667735894604235,58.248175523322004,89.52415938526292,81.69543805740597,4.3820447096521145,4.982628824259834,58.248175523322004,5.215028038758777,4.771039407102813
2007-04-13T00:00:00+08:00,3179.052,44.62112433261794,-55.78604022881107,56.94726738381378,86.7803628407046,79.62501186535104,4.315079388222688,4.83025591799767,56.94726738381378,5.0577626089541265,4.638296387127998
2007-04-12T00:00:00+08:00,3191.519,44.966919591194085,-53.108216830275936,57.15903251090495,87.20718636418363,80.53480548982672,4.33128468960419,4.889186958909046,57.15903251090495,5.096514572904247,4.65436090247352
2007-04-11T00:00:00+08:00,3129.703,44.516841407923216,-53.18605699889294,55.7674368331942,86.76526303901998,78.1426122780779,4.281603007299254,4.773797545094496,55.7674368331942,4.993142717707637,4.544591463172881
2007-04-10T00:00:00+08:00,3090.707,44.30667436072209,-53.2486995830385,55.10391514749657,84.74659382801688,77.23666067753906,4.230540280042002,4.7060300256079755,55.10391514749657,4.923921327008737,4.496768381608825
2007-04-09T00:00:00+08:00,3053.242,44.30589900977003,-53.123361238334944,54.61048835404852,81.9673034534761,77.97979483927541,4.191215750764705,4.666983430213124,54.61048835404852,4.864880617005059,4.484145535887018
2007-04-06T00:00:00+08:00,2993.965,43.55972724129291,-53.94988934745663,53.65656917150606,80.53829226264158,75.70680942053073,4.115650009674961,4.5743615712015,53.65656917150606,4.791171212471711,4.39435699158775
2007-04-05T00:00:00+08:00,2959.974,43.47022607672439,-54.63735318764972,52.72750334933477,79.33530716884003,75.00249905630173,4.101976750402365,4.501794129717969,52.72750334933477,4.744438162543303,4.337563439447682
2007-04-04T00:00:00+08:00,2918.969,43.044304152315796,-54.64044748113335,51.855520776833615,77.73184634971598,73.70420216695054,4.059591811519457,4.410608977527481,51.855520776833615,4.647255671080617,4.271780670079632
2007-04-03T00:00:00+08:00,2891.344,44.63929094968264,-54.9470914131647,51.448750998466224,77.44130316221423,72.82296735222268,4.171551421419417,4.36303641767255,51.448750998466224,4.5951249274147195,4.252596415708914
2007-04-02T00:00:00+08:00,2850.109,44.079579093763435,-54.48981779436279,50.817551086371964,75.78880416430911,71.9731989461317,4.12016608146679,4.307724262293258,50.817551086371964,4.536704139396396,4.178103329851165
2007-03-30T00:00:00+08:00,2782.965,43.65918414489614,-51.60492005297314,49.610658931522124,73.75809472932907,70.9871524283314,4.041222438429444,4.190497940182768,49.610658931522124,4.439128360754974,4.079067537877336
2007-03-29T00:00:00+08:00,2772.87,44.0081208313659,-51.251066881083794,49.163461271769606,73.74499832652826,70.26937118518879,4.055243378322015,4.145670392616199,49.163461271769606,4.401977247233465,4.026643816260513
2007-03-28T00:00:00+08:00,2820.273,43.85550506957111,-50.441774336795916,50.58154481303092,76.46620962640891,72.75888272272161,4.038604284468698,4.309161837459667,50.58154481303092,4.564419845318501,4.138343829618636
2007-03-27T00:00:00+08:00,2822.97,43.805224662463864,-50.55070194687528,51.1646593579111,77.20578144437641,73.8356542922111,4.015290782167926,4.361912742398962,51.1646593579111,4.663108057289719,4.195931399441141
2007-03-26T00:00:00+08:00,2792.333,43.565506194160626,-50.85887290262482,50.50367031872598,75.84635861476886,73.88802447145383,3.9902477171955875,4.286361449829306,50.50367031872598,4.56238280823346,4.128647500905874
2007-03-23T00:00:00+08:00,2732.437,42.95589656126414,-51.9583821283207,49.26544057903998,73.62516749994768,72.0918859514973,3.9305367173332253,4.15414859062214,49.26544057903998,4.451989156441594,4.033329629905701
2007-03-22T00:00:00+08:00,2716.658,44.91863487780514,-51.35627640277516,48.75731704210305,73.20111979084926,70.29794002192494,3.930343646097337,4.093039919614322,48.75731704210305,4.438604329302585,3.9864253617296335
2007-03-21T00:00:00+08:00,2708.09,44.83880749213542,-50.05328439533865,48.67506060921545,72.9070972300704,70.23977477184073,3.9111139978377305,4.075233617741715,48.67506060921545,4.403630797023244,3.9705796152920483
2007-03-20T00:00:00+08:00,2671.12,44.345163325498746,-49.327802813424036,48.01266832412299,71.37742850933836,69.21347885356678,3.869474231103701,4.002401255456433,48.01266832412299,4.335318561856036,3.9180894072448984
2007-03-19T00:00:00+08:00,2641.735,44.55226201317224,-48.5930872205632,47.33444114429485,70.66418142079688,68.74285376307574,3.8406647041418287,3.905032499589863,47.33444114429485,4.249158409777692,3.8091087267701296
2007-03-16T00:00:00+08:00,2592.411,43.73919259741121,-46.77018346096128,46.77502873116629,68.82087699053791,68.408437820784,3.7468690013506474,3.868666418099939,46.77502873116629,4.193900832913207,3.7667350382135707
2007-03-15T00:00:00+08:00,2636.773,44.37462480231894,-46.05577475000042,47.65535010877848,70.14618050685563,70.22171635981562,3.790914440088838,3.962209902371905,47.65535010877848,4.2684550708275895,3.820967166862121
2007-03-14T00:00:00+08:00,2587.443,43.71819048804219,-45.33154801751973,46.766894515974144,69.00195622164885,69.39202347517832,3.7311967323787063,3.8806595038108744,46.766894515974144,4.19820290159773,3.7224890082570794
2007-03-13T00:00:00+08:00,2620.418,44.47663628048021,-43.8347584112728,47.32574889494065,69.99329574651536,69.34889362959477,3.7955500133879054,3.9153178204425467,47.32574889494065,4.200955791468912,3.759282494205182
2007-03-12T00:00:00+08:00,2593.926,44.3019699894625,-42.824735550399915,46.74505696180741,68.5262545015895,68.72051591357696,3.781646911619969,3.8632014332658593,46.74505696180741,4.157177353386619,3.7641372904150083
2007-03-09T00:00:00+08:00,2569.492,44.052618127268985,-42.33802636823211,45.959482516461726,67.09205371757035,67.87245673579622,3.7524474973964037,3.7593342795427898,45.959482516461726,4.084350877966776,3.673244089959038
2007-03-08T00:00:00+08:00,2577.512,44.006591477391304,-42.1616508634954,46.11530564139006,66.19287484457922,68.32163573185109,3.7398477252744993,3.752459798245002,46.11530564139006,4.0751070632085415,3.6639970695572988
2007-03-07T00:00:00+08:00,2533.729,43.52614803730979,-41.77462923956243,45.3921294006853,65.18251349162728,66.99780764311267,3.694763696591843,3.672434237527911,45.3921294006853,4.001742965760909,3.5959775688508397
2007-03-06T00:00:00+08:00,2467.453,42.640418594183366,-42.349491667338654,44.324818686370584,63.62453565109758,65.22490072753068,3.618142034595314,3.580545912496594,44.324818686370584,3.8957255208337007,3.509456758830787
2007-03-05T00:00:00+08:00,2437.578,41.95200398158036,-42.46584806379711,44.236778759644004,63.491714954167975,65.22490072753068,3.5564278478406344,3.5751243534762343,44.236778759644004,3.89783723077466,3.4912907334033503
2007-03-02T00:00:00+08:00,2455.213,42.47171392695336,-41.04426795131698,44.233723413686285,63.09444575016949,65.47328784507127,3.601163449670485,3.5760084971165274,44.233723413686285,3.890979817876164,3.5154194512796817
2007-03-01T00:00:00+08:00,2417.511,41.88701552600679,-40.4929753288262,43.43802755329391,62.1385025459866,64.14839811089954,3.551258078474612,3.5143453840859014,43.43802755329391,3.820494565420206,3.4477977718121258
2007-02-28T00:00:00+08:00,2479.807,43.03884502107418,-38.89198885509605,44.64973859596959,64.57109015363747,65.53920199566035,3.64716451611427,3.5890556371208837,44.64973859596959,3.8957929680252157,3.561286600411515
2007-02-27T00:00:00+08:00,2387.938,41.460382680135545,-38.539679760601054,42.75810500008085,61.0436634160433,63.075309029666116,3.5127123254825747,3.405666277699593,42.75810500008085,3.7369981119764333,3.385447231462371
2007-02-26T00:00:00+08:00,2624.843,45.42646717701266,-37.152248703531,47.00359402801625,67.27867361675592,69.52791116102753,3.848098323686211,3.751427769725298,47.00359402801625,4.119300808992621,3.6981727328894873
2007-02-16T00:00:00+08:00,2570.655,44.64008417871234,-36.09720330798925,45.182401348284586,64.82614137766183,67.42140528369889,3.7786830061162213,3.567503394199254,45.182401348284586,3.9712782667598203,3.5222202079886658
2007-02-15T00:00:00+08:00,2554.125,44.51923175952773,-35.88412327650138,44.74763337352984,64.0156097766923,66.4013957828468,3.7653055469835093,3.524843728467773,44.74763337352984,3.9348123138703532,3.5042567073907342
2007-02-14T00:00:00+08:00,2477.278,43.26633336129309,-35.74883277820987,43.58919380589514,62.125380304724544,65.26754328059799,3.6554185667582173,3.4152597541741416,43.58919380589514,3.824245918751115,3.3945114400436873
2007-02-13T00:00:00+08:00,2418.22,42.197375670552965,-35.454793124257506,42.672960855110986,61.31190103789441,63.80316550150239,3.56307340685412,3.3407336731230832,42.672960855110986,3.7375290526371865,3.317715956979847
2007-02-12T00:00:00+08:00,2379.029,41.79967564499527,-34.574301704582005,41.909864538618486,59.87433252887432,62.80221220528699,3.523308619182563,3.2877045233608535,41.909864538618486,3.680838531260175,3.27804005955595
2007-02-09T00:00:00+08:00,2303.762,40.758802414532674,-33.88236044241653,40.87290207442958,58.36049441700675,61.4016127494595,3.420567323790689,3.2131322288667925,40.87290207442958,3.5880805685600774,3.222263097103541
2007-02-08T00:00:00+08:00,2311.028,41.05609834109739,-33.264175663446515,40.93455134072532,58.016868507560176,61.6898869776556,3.442646215509467,3.218980260337469,40.93455134072532,3.587538392744847,3.2080068185550936
2007-02-07T00:00:00+08:00,2269.924,40.67628022653098,-33.19846797074115,40.08462107521618,57.24895854337494,60.756095794737156,3.4100251299326882,3.159749864780692,40.08462107521618,3.517626984079504,3.1394959658867747
2007-02-06T00:00:00+08:00,2222.062,40.08024565825888,-33.29102596053406,39.490145825226094,56.139728281778474,60.18720125973719,3.3575891281948373,3.11091278654242,39.490145825226094,3.4561630035090247,3.0729226943275547
2007-02-05T00:00:00+08:00,2177.838,39.19095908722679,-33.3321560948227,38.638245721231705,55.2669670901167,59.51426809527531,3.2823012128298115,3.032521397352305,38.638245721231705,3.389541720397955,3.001479699105019
2007-02-02T00:00:00+08:00,2186.954,39.83976376214439,-33.03049639069476,38.336465000441265,54.32686036899571,58.911064733519034,3.336936447397048,2.9961083102012127,38.336465000441265,3.3546748063960474,2.9750597315633107
2007-02-01T00:00:00+08:00,2261.095,41.372218732541775,-32.7337196676442,39.24920911645864,56.04343303349414,60.005619941605644,3.4592620459396866,3.048323632616878,39.24920911645864,3.403346816460335,2.9960460773240594
2007-01-31T00:00:00+08:00,2248.682,41.41850040037325,-33.284349122937954,38.95108992703695,55.39526879371981,58.97710874579495,3.463774923716597,3.020536277753443,38.95108992703695,3.3865635516706893,2.9940074226887217
2007-01-30T00:00:00+08:00,2391.55,43.626437967863744,-32.9764156757345,41.05272866954308,58.12149970387908,62.490675273206136,3.6471997977822634,3.1792282058162744,41.05272866954308,3.5675602528149115,3.1254697366655395
2007-01-29T00:00:00+08:00,2409.489,43.80180478950352,-32.710448725286184,41.202066364830735,58.27456174281922,62.24400373007566,3.662482522636873,3.1925079687802485,41.202066364830735,3.5918210013434675,3.1400580792301858
2007-01-26T00:00:00+08:00,2344.49,42.85284914910702,-33.02390295306411,39.818954877109796,56.63592084012574,60.65752731005713,3.582548778424405,3.0699058973351256,39.818954877109796,3.4644105347882084,3.036312476293666
2007-01-25T00:00:00+08:00,2301.421,42.405054642796365,-33.391880323972316,39.52794336023692,56.86228590414059,60.90956536560755,3.5433639759664834,3.054659942910826,39.52794336023692,3.4364063124392135,3.010259948262184
2007-01-24T00:00:00+08:00,2388.006,44.100166571440795,-32.56044939581727,41.50723653730881,59.03137726115519,62.94625651885293,3.688475349830631,3.221390749105892,41.50723653730881,3.6170386880059913,3.1768344087082205
2007-01-23T00:00:00+08:00,2362.941,43.74268400950494,-32.59636973671098,41.14173827055741,58.18969605255411,62.72256690791173,3.658039870071432,3.1885651941256294,41.14173827055741,3.5858062671728828,3.150427262926277
2007-01-22T00:00:00+08:00,2347.997,43.20171931385592,-32.002398467394336,40.94917215786601,57.959060647668,62.82022886055421,3.6125660969967166,3.1616802348371746,40.94917215786601,3.553762335988667,3.110744415628627
2007-01-19T00:00:00+08:00,2255.378,41.68066586281359,-31.731467859559,39.1746347549477,55.50747756915127,60.826009276744784,3.4854100616747536,3.0194236613848884,39.1746347549477,3.404042504327546,2.976301928617791
2007-01-18T00:00:00+08:00,2180.884,40.554510187402734,-31.82037285921308,37.802842321006395,53.85217388910981,58.060333059724314,3.3911604879097546,2.917969288109823,37.802842321006395,3.311979934435605,2.905421229541117
2007-01-17T00:00:00+08:00,2159.863,40.78869728098402,-32.06113248066461,37.000656227737345,51.97058460024489,56.53488016140637,3.4097518808126615,2.8409514518398327,37.000656227737345,3.230598732315187,2.8258306865047715
2007-01-16T00:00:00+08:00,2192.648,41.40979602587785,-31.554174154207146,37.392183570619295,51.97758647915976,56.971859327379,3.461672946079153,2.863200913206226,37.392183570619295,3.2814672604020103,2.8708218851454763
2007-01-15T00:00:00+08:00,2129.148,40.89144457655801,-31.917847501601955,36.441402726218925,50.757276058490596,54.62280893432427,3.41834109320938,2.793661722328328,36.441402726218925,3.1760815843389545,2.7815968657574417
2007-01-12T00:00:00+08:00,2023.412,39.00746343921776,-32.344031541789725,34.63955961676043,48.80457840820946,51.71939388514654,3.2611048732948955,2.656453241863287,34.63955961676043,3.024626411987056,2.6227946490542893
2007-01-11T00:00:00+08:00,2082.006,40.40029476544288,-32.07923363998101,36.03810100030604,49.758318555374046,53.968038365763455,3.377366685630115,2.769772743102994,36.03810100030604,3.124457426030661,2.714268449556809
2007-01-10T00:00:00+08:00,2093.6,41.11894875664355,-31.226663584107207,36.067839056639976,49.766096952660796,53.235551094169175,3.4374444167938187,2.7558428933704104,36.067839056639976,3.1079880269043407,2.697673053162916
2007-01-09T00:00:00+08:00,2042.028,40.764759299182195,-31.36178965015079,35.11135267538759,48.560179204630366,52.563952069791156,3.407835036937262,2.6832192751096344,35.11135267538759,3.039765716479758,2.634616819034387
2007-01-08T00:00:00+08:00,1984.62,39.36051754172737,-31.102359341590844,34.459436290336676,47.734922968553526,51.6519187073859,3.2904438308281363,2.6327458692507753,34.459436290336676,2.9871005109766484,2.584745597010897
2007-01-05T00:00:00+08:00,1921.952,38.40129997752528,-31.058091397294074,33.15735906624147,45.592047308593614,50.14729228677135,3.210255568221038,2.526959310994057,33.15735906624147,2.8588124046948105,2.4813840467522517
2007-01-04T00:00:00+08:00,1904.53,39.37860046131189,-31.154380811412196,32.19700626904367,44.572730692944795,48.75822153756788,3.291955519061605,2.456950084912831,32.19700626904367,2.7958560088349746,2.4185728860271443
2006-12-29T00:00:00+08:00,1888.435,34.34915070774796,-28.40675504536473,31.92807411428887,45.309164195275414,51.00623737864154,2.793657644695428,2.42454240755816,31.92807411428887,2.7615278668714565,2.3749720514128
2006-12-28T00:00:00+08:00,1845.059,33.579780599570434,-28.99271413560327,31.461174359161372,44.80896078431247,50.430487487914434,2.732171091216477,2.397662162216523,31.461174359161372,2.732551236497582,2.3333465385000576
2006-12-27T00:00:00+08:00,1861.439,33.869918249965814,-29.40768646354088,32.081336626323484,45.97173785894106,51.861124738850144,2.7562764460623566,2.456964302391503,32.081336626323484,2.7859508707642004,2.396683290105394
2006-12-26T00:00:00+08:00,1830.014,33.268666109720925,-29.92989138098062,31.843533179902227,45.36152690070134,50.83452134053641,2.714607556214393,2.447851070641394,31.843533179902227,2.768909385959155,2.3850726516011647
2006-12-25T00:00:00+08:00,1838.418,33.104134528162355,-30.21188321215059,32.13604813845348,45.86472341389003,51.43868131212191,2.701545393950796,2.4742048861434744,32.13604813845348,2.806566017776642,2.434733812202994
2006-12-22T00:00:00+08:00,1807.61,32.53293674883606,-30.244510291707584,31.850954745033725,45.517957176143604,51.04591315913803,2.6549313757392303,2.4552431996698574,31.850954745033725,2.7883595414962525,2.428019349979023
2006-12-21T00:00:00+08:00,1819.003,32.73467984815563,-29.750439423172914,32.041489993557974,45.71334669812531,51.48529961478143,2.6713951240911618,2.463394155209067,32.041489993557974,2.80251124776764,2.421076469938887
2006-12-20T00:00:00+08:00,1842.882,33.1843665823829,-29.500754125789236,32.31663645162603,45.99854056137754,52.20337265187857,2.7103278970344578,2.4821743456302974,32.31663645162603,2.824785988811762,2.4224818185241825
2006-12-19T00:00:00+08:00,1821.17,32.93677993919373,-29.437482457660956,31.76162090518864,45.23777857462682,50.904202181492934,2.6896603612096373,2.4401638112133686,31.76162090518864,2.7749055231553594,2.3984449124895098
2006-12-18T00:00:00+08:00,1816.336,32.8169046175411,-29.169056076315062,31.654146668886316,45.468104176735906,49.98363757121082,2.6798711862650437,2.426903294048231,31.654146668886316,2.758242502836593,2.38343513077899
2006-12-15T00:00:00+08:00,1775.017,32.141139270455575,-29.552299281107835,31.173922422213575,45.244463542162194,49.31675483400542,2.6247045960146904,2.396158533518197,31.173922422213575,2.7214850242783535,2.3599462901015826
2006-12-14T00:00:00+08:00,1746.263,31.719008989142342,-29.94902289578535,30.792215028312476,44.38148000038827,48.58862410038001,2.5902209677775434,2.3732298466734743,30.792215028312476,2.6885780351890403,2.319287568803938
2006-12-13T00:00:00+08:00,1716.247,31.23588409829407,-30.28888487386249,30.26367702558997,43.79700015361635,47.962462874230525,2.550768277964907,2.3370444686361482,30.26367702558997,2.6514843009264064,2.2909393424195605
2006-12-12T00:00:00+08:00,1712.896,31.011684281215466,-30.439419867368237,30.13533332994398,43.70563233511702,47.82414286594147,2.532564649189181,2.331731299360788,30.13533332994398,2.6443040635241597,2.2837374535703723
2006-12-11T00:00:00+08:00,1704.125,30.85974472019577,-30.25646724951985,30.100325414208058,43.48461783970443,47.26160407518696,2.5209339791257945,2.3328403729325773,30.100325414208058,2.6385342175771123,2.2838646093096933
2006-12-08T00:00:00+08:00,1637.373,29.69512478486292,-30.42344712916467,29.18346289151551,42.22116233797689,45.97128040683856,2.425986672518893,2.263448366659914,29.18346289151551,2.5586731751567213,2.220386494948357
2006-12-07T00:00:00+08:00,1699.787,30.866429810835537,-30.071758796770407,30.295316360705133,43.68403104716891,47.6184260680986,2.5228697171567394,2.358316176360386,30.295316360705133,2.662305182938219,2.3063621234829297
2006-12-06T00:00:00+08:00,1708.936,30.930962721758753,-29.997741446051066,30.41937187164123,44.10815251539391,47.94298086190914,2.5286517366900783,2.366385325364273,30.41937187164123,2.696613157863432,2.330347243416607
2006-12-05T00:00:00+08:00,1727.449,31.279782536472375,-29.629462541135766,30.978742168560654,44.388856212599826,49.12500088276979,2.5575636559819968,2.403151194444629,30.978742168560654,2.7585997753516485,2.371457570477097
2006-12-04T00:00:00+08:00,1713.692,30.92709722075943,-29.461532401913633,30.76504307720897,44.089732295854,48.38511459757837,2.550642995041754,2.3809535715944805,30.76504307720897,2.7267226505158213,2.3243537832108774
2006-12-01T00:00:00+08:00,1670.329,30.22891750916656,-29.78699237169242,30.146445501954293,43.28630840560485,47.70061979341965,2.493463542082391,2.3346416199427527,30.146445501954293,2.6652054801600635,2.277009369329733
2006-11-30T00:00:00+08:00,1657.323,30.105673616412698,-30.220797944104284,29.970979377361285,43.24992216698283,47.71133179261815,2.482796261250473,2.332254010928879,29.970979377361285,2.6489451191878426,2.281109129881821
2006-11-29T00:00:00+08:00,1617.988,29.27197132435601,-30.441285266034757,29.427666768186498,42.77108954513828,47.043334272637246,2.420646817583408,2.2940953235625376,29.427666768186498,2.6235264653986192,2.2481466664849146
2006-11-28T00:00:00+08:00,1596.84,28.951826102050568,-30.71087869736379,29.176697135880197,42.4674354270235,46.399884411765306,2.398385604149421,2.27819175883444,29.176697135880197,2.586054749674271,2.242985848586508
2006-11-27T00:00:00+08:00,1598.744,28.961320362800194,-30.34220363406337,29.18571638578548,42.33768534850639,45.45228305596979,2.3991721140914812,2.277194400744662,29.18571638578548,2.5850817425101518,2.2553617722713026
2006-11-24T00:00:00+08:00,1576.153,28.661626953049623,-30.443220282528188,28.648623170953268,41.56330321652026,45.00884614810667,2.3741595750650175,2.238901228200986,28.648623170953268,2.525603015589704,2.2041258463309976
2006-11-23T00:00:00+08:00,1567.091,28.659282043687362,-30.294292792006022,28.343849083778295,41.11200703438205,44.505080335538025,2.3740214292739674,2.2170337663247324,28.343849083778295,2.5030047714089294,2.189357364190263
2006-11-22T00:00:00+08:00,1557.58,28.498803228153474,-30.40008804924864,28.170468227787087,41.037722235872124,44.177159067239025,2.360757594246354,2.20229082156299,28.170468227787087,2.489358110194931,2.1820355934870115
2006-11-21T00:00:00+08:00,1542.103,28.345698618036213,-30.44795452193426,27.798734105565774,40.21896815880155,43.9149814888977,2.349165268845549,2.1738983529824885,27.798734105565774,2.4701523756659647,2.144786344518211
2006-11-20T00:00:00+08:00,1525.905,27.973744685592482,-30.64792311741748,27.496473568548847,40.0569867087786,43.56206093539484,2.3183393833820487,2.1585359296756903,27.496473568548847,2.452316612968558,2.119548884841635
2006-11-17T00:00:00+08:00,1509.548,27.464574734610398,-31.190208815639913,27.52383500405308,40.151154332317105,44.15138565485456,2.2768701322485305,2.169002946746372,27.52383500405308,2.4567347384394878,2.1382003691859555
2006-11-16T00:00:00+08:00,1486.12,26.792059972306603,-31.80011391611239,27.207970329127622,39.95404504352759,43.7125274877506,2.2286809753051235,2.1416432759175845,27.207970329127622,2.4261165233222433,2.114833192233671
2006-11-15T00:00:00+08:00,1496.021,26.998875863186445,-31.27398082648257,27.584370074219848,40.6837175894623,44.46100413778624,2.245535211228089,2.177372331143396,27.584370074219848,2.457950799809643,2.147211798655784
2006-11-14T00:00:00+08:00,1461.573,26.380379669257415,-31.231053000660705,27.10734156932663,39.93374628906623,43.47837335734213,2.194093996111668,2.1442682702582383,27.10734156932663,2.4216498019421824,2.122540162409305
2006-11-13T00:00:00+08:00,1444.975,26.14141853017683,-31.56027576801097,26.811078633146632,39.3192170937151,43.503934035164235,2.1742192556106237,2.1158622003613496,26.811078633146632,2.3963051162362174,2.102272290528545
2006-11-10T00:00:00+08:00,1481.992,26.69630582228395,-31.91972949823789,27.73512070414883,40.77024654967497,45.02440258108646,2.2209467058081938,2.188588069617776,27.73512070414883,2.468668189989199,2.1730818203263356
2006-11-09T00:00:00+08:00,1509.595,27.167239121626046,-31.952788917766835,28.48883384198735,41.89657489737739,46.57508407207468,2.256559828585287,2.251785066135759,28.48883384198735,2.5264231902337126,2.2222443728203007
2006-11-08T00:00:00+08:00,1486.902,26.734551966335072,-31.83921506110664,28.19497424532036,41.405645519509804,45.978583156045886,2.2205583741624095,2.2309049938399874,28.19497424532036,2.5009797549921156,2.2031965639104123
2006-11-07T00:00:00+08:00,1499.422,27.01702974130545,-31.285266050045596,28.449538280120056,41.73715970369451,45.95373279227909,2.2442790666579646,2.247254414585341,28.449538280120056,2.504458851765643,2.2222761886123656
2006-11-06T00:00:00+08:00,1500.105,27.055045249395704,-32.21905930662543,28.59820424527378,42.37061393750102,46.531651276829045,2.2473653796905015,2.2708663640661313,28.59820424527378,2.5225232806899496,2.2570126973797024
2006-11-03T00:00:00+08:00,1491.197,26.773587944641143,-32.8987715830155,28.56046597271993,42.589793106119984,46.40820139929512,2.223862093061723,2.275704937857864,28.56046597271993,2.54230341392628,2.2689610482533555
2006-11-02T00:00:00+08:00,1483.601,26.645289529639236,-32.91430283830676,28.447546000313498,42.28487800061068,46.44778599642921,2.2135486526012667,2.265155326125731,28.447546000313498,2.5399496001503987,2.2514097159250315
2006-11-01T00:00:00+08:00,1484.389,26.717378544543294,-33.590291673290736,28.466718296376857,42.24142112051077,46.73273427621327,2.2190892777921407,2.2672944651999294,28.466718296376857,2.5477360116086367,2.2503977360078626
2006-10-31T00:00:00+08:00,1472.593,26.469280863932667,-33.70227390729657,28.249541516703843,42.27025547646045,46.60424041345758,2.198580336025601,2.257765059156635,28.249541516703843,2.5294598084405466,2.2430610420252997
2006-10-30T00:00:00+08:00,1455.784,27.24446712771841,-33.18775182469398,28.266675205749664,42.614032082128496,46.245473202046185,2.1908876202151277,2.2427087053709314,28.266675205749664,2.5105858245546164,2.2258665850414032
2006-10-27T00:00:00+08:00,1452.273,28.07034188801622,-33.50879746205013,28.282969741904882,42.45074571441074,46.581356036455034,2.226678292918043,2.2430796905428956,28.282969741904882,2.53523398213466,2.248190549978815
2006-10-26T00:00:00+08:00,1472.839,28.94868235839829,-32.60748008055936,28.97004849247763,42.979136415084724,47.995432916133126,2.259916489313866,2.293770263436071,28.97004849247763,2.5789170573234057,2.2954451387535584
2006-10-25T00:00:00+08:00,1470.612,29.25397210246139,-32.22852654846185,29.075197632770244,42.99753466378371,47.99621344575999,2.2679090495861565,2.3100932647769397,29.075197632770244,2.5954491669696202,2.3189755982261357
2006-10-24T00:00:00+08:00,1469.842,29.34295799190219,-32.70966554886743,29.280026761773634,43.986540901821954,47.85147940600813,2.269991445214068,2.3257829721147885,29.280026761773634,2.623523262093678,2.3267289059093157
2006-10-23T00:00:00+08:00,1436.169,28.70759402771671,-32.44488530826918,28.69273407731865,43.90185221010066,47.479383920735906,2.214723890334415,2.2688550898240405,28.69273407731865,2.5718503824634773,2.283167573855279
2006-10-20T00:00:00+08:00,1474.495,29.585131628818402,-32.67384400743295,29.75180843640915,46.05009003336953,49.993168452452814,2.264595427591884,2.3498832237033436,29.75180843640915,2.65568237789465,2.353810134927534
2006-10-19T00:00:00+08:00,1477.685,29.666237885652286,-33.45781489896575,29.887303398344685,46.265951474817136,51.06116314387036,2.271054085604438,2.370750626664296,29.887303398344685,2.683944201769316,2.362465333629576
2006-10-18T00:00:00+08:00,1473.236,29.603781085918353,-33.23823194288595,29.84358916367984,46.453798420426665,50.70059994614703,2.2643992029094404,2.367219293219697,29.84358916367984,2.6683818543332745,2.3654053405790605
2006-10-17T00:00:00+08:00,1451.514,29.263645487274818,-33.129316457671834,29.60709906746078,45.585880642675974,50.3769264518252,2.2345871197658016,2.3410223178905065,29.60709906746078,2.63707904491502,2.3368051535374925
2006-10-16T00:00:00+08:00,1454.551,29.616473823701927,-33.57296682477362,29.700353443016603,46.03132153452245,50.63722663574232,2.2457820951630603,2.3462698760766103,29.700353443016603,2.6464434643145824,2.341836771607429
2006-10-13T00:00:00+08:00,1464.965,29.859963691962122,-33.12539299446222,29.835787898677218,46.16961223425405,51.1970751176509,2.264210310891708,2.353631885555739,29.835787898677218,2.658541152935955,2.361174225376129
2006-10-12T00:00:00+08:00,1459.59,29.83775628802284,-32.4668454818591,29.77299578901088,45.72230843578058,51.13535221802116,2.257835156191823,2.3519680983424145,29.77299578901088,2.6518473470463366,2.353286998948837
2006-10-11T00:00:00+08:00,1473.002,30.0404771674492,-32.3534214748425,30.010648792212418,46.811813423794376,51.51906930078078,2.2728440243574277,2.3706315633742574,30.010648792212418,2.688542027811041,2.3760028509888134
2006-10-10T00:00:00+08:00,1472.523,29.944838048203458,-32.25230699158212,29.936295087869837,46.738060080297466,50.71080265640356,2.2650502702801294,2.365420509677796,29.936295087869837,2.691084026437024,2.3733201908487653
2006-10-09T00:00:00+08:00,1468.444,30.670474152720423,-32.15609970864093,29.814974731112006,46.271436208930744,50.53578726514975,2.3204178788983563,2.3498826473199226,29.814974731112006,2.6696891387423585,2.378343632596759
2006-09-29T00:00:00+08:00,1437.58,30.002322739446395,-32.29837153063864,29.257408590441703,45.24132071282535,49.35057141375744,2.2832045018379836,2.3043493475693726,29.257408590441703,2.639122839761946,2.3267107045645012
2006-09-28T00:00:00+08:00,1421.848,29.737195565423796,-32.472004363875556,28.988324433559768,44.84597733978381,48.99229432352707,2.261586107602243,2.2821176068286793,28.988324433559768,2.619299888407756,2.2995404613096886
2006-09-27T00:00:00+08:00,1407.434,29.48364095529155,-32.47145416332793,28.75777078207313,44.4196502712313,48.73532317150463,2.2420814794306647,2.2703353175999514,28.75777078207313,2.5992517735222314,2.2920920340857514
2006-09-26T00:00:00+08:00,1394.078,29.269685160528578,-32.386115893864165,28.522414807462294,44.02061815953116,49.00845306773488,2.225890620972136,2.251510521799524,28.522414807462294,2.5828574080513,2.2731319885909667
2006-09-25T00:00:00+08:00,1404.867,29.457674496782076,-32.218894665405486,28.702479782667766,44.217429974356506,49.380316025615606,2.2401627573918454,2.2603783225202627,28.702479782667766,2.5835125494466635,2.2862290235048253
2006-09-22T00:00:00+08:00,1404.662,29.481774349050998,-31.744422291463955,28.80388208668774,44.48583792197958,48.38050695420979,2.2419052093505503,2.263063499453209,28.80388208668774,2.566990207882854,2.293552074691695
2006-09-21T00:00:00+08:00,1417.242,29.611685491699202,-31.654248977259755,29.142526353904334,45.0649803456058,48.90946041558965,2.2517720546623856,2.294012180363318,29.142526353904334,2.5949216047758514,2.318991174431745
2006-09-20T00:00:00+08:00,1409.797,29.472866303032735,-31.432697559141126,29.02537869359709,45.09195288438804,48.442659761576955,2.238715026028436,2.2873067622472076,29.02537869359709,2.584457995060936,2.298435747606017
2006-09-19T00:00:00+08:00,1407.456,29.437241513936364,-31.15926179358561,29.012833325379365,44.89104132702563,48.71850978430667,2.235627520672377,2.2846324224150405,29.012833325379365,2.5771766425323617,2.290301885893045
2006-09-18T00:00:00+08:00,1403.597,29.38135326954637,-31.21532991191146,28.992111059055468,44.99022854335308,48.65591041154789,2.2313803628063607,2.283595242863601,28.992111059055468,2.5711234734607658,2.282816959644826
2006-09-15T00:00:00+08:00,1387.22,29.085890500798268,-31.05774285905997,28.567894554323725,42.87939064621259,47.82968524315618,2.2089465057105127,2.2491127215933293,28.567894554323725,2.5275352702308216,2.2439160249129326
2006-09-14T00:00:00+08:00,1366.487,28.68638884323264,-31.38644292910724,28.15037528059751,42.691561101856536,47.38704924216538,2.178606097515655,2.2169741243078276,28.15037528059751,2.502899929022876,2.2314322113455702
2006-09-13T00:00:00+08:00,1366.097,28.681497322335684,-31.13767426798008,28.220473305337958,42.77278442960234,47.302832473069266,2.174516240768802,2.214889181478823,28.220473305337958,2.496873395472121,2.240851376348295
2006-09-12T00:00:00+08:00,1379.209,28.849938846376176,-30.797406353702833,28.541909683370545,43.684012853528955,48.060544654449615,2.1872868024294436,2.244697644001247,28.541909683370545,2.530521123597732,2.2725363981095414
2006-09-11T00:00:00+08:00,1372.31,28.577861527691784,-30.623349078329227,28.40785689246146,43.72328523856378,48.252688546825674,2.167094779403841,2.235339841104714,28.40785689246146,2.5291273021191167,2.2584409546705886
2006-09-08T00:00:00+08:00,1365.228,28.487436673796143,-30.300788307861257,28.297285738222392,43.70922190086704,47.73636819244302,2.160876074988358,2.2248488901972117,28.297285738222392,2.508469800164139,2.2533098943563714
2006-09-07T00:00:00+08:00,1362.173,28.415130065712496,-29.496676070534683,28.299424893299957,43.80544375517321,47.503730693464064,2.1536122694694675,2.2233138110071535,28.299424893299957,2.5040442618271914,2.2543857629843345
2006-09-06T00:00:00+08:00,1381.856,29.115366046174948,-29.693111873568007,28.744276010546653,43.88778169963227,48.09045865358542,2.183640148192734,2.2590876955375103,28.744276010546653,2.5508156736005483,2.2773543596924912
2006-09-05T00:00:00+08:00,1375.515,28.97003369227339,-29.485582860488034,28.59898066377313,44.02220456625064,47.8107705284689,2.17278263891984,2.249058632949362,28.59898066377313,2.5329054976308054,2.2687565656811413
2006-09-04T00:00:00+08:00,1371.839,28.863010609586865,-29.02563184454086,28.595421678753567,43.16887292249686,47.87139641546549,2.16849196463979,2.2433778751358395,28.595421678753567,2.5195735422471133,2.250004425613344
2006-09-01T00:00:00+08:00,1348.836,28.440657636586696,-28.80572731409794,28.07657140470548,42.75220480079261,46.62340937525459,2.136802655257285,2.1988001065161846,28.07657140470548,2.4777526088098063,2.207378488719043
2006-08-31T00:00:00+08:00,1371.83,28.865859803628393,-28.648875952989904,28.583212727442216,43.74492291072736,47.429367914256396,2.169046985228464,2.2459728430569497,28.583212727442216,2.520314421577475,2.261577734650434
2006-08-30T00:00:00+08:00,1365.278,28.765856528106838,-28.443001853452206,28.40345161928182,43.16657722628198,47.73636819244302,2.162796253411671,2.231242824748812,28.40345161928182,2.5008444028667407,2.2376034211633673
2006-08-29T00:00:00+08:00,1358.074,28.367778904820977,-28.52847541501938,28.146836848168647,42.99902390632151,47.246475668009836,2.1587461514055235,2.2155228147210067,28.146836848168647,2.492861736642592,2.2119513487424847
2006-08-28T00:00:00+08:00,1354.911,28.35687145735475,-28.654489710012538,28.237007033450986,42.711399412075494,46.9228900435667,2.1540811733097103,2.2134779855689946,28.237007033450986,2.4824079486149526,2.2310659127957937
2006-08-25T00:00:00+08:00,1322.961,27.957086233070484,-28.67058183546419,27.65181369515844,40.967996785730556,45.752133254721954,2.1126994781264625,2.163033011701241,27.65181369515844,2.4296567169619605,2.1727468572124407
2006-08-24T00:00:00+08:00,1319.543,27.93564905556017,-28.853904300309452,27.556170218772934,40.71720158958338,45.414970977072215,2.1114146135789107,2.158263532198946,27.556170218772934,2.416583567471868,2.168637255168344
2006-08-23T00:00:00+08:00,1310.941,27.769847262586516,-28.633512469982385,27.40844261311511,40.35611630143187,45.33055653287692,2.0996202640077657,2.142325934125178,27.40844261311511,2.4011177107891304,2.156214554494366
2006-08-22T00:00:00+08:00,1312.374,28.074834155043543,-28.453326363890113,27.598379761775444,40.31864391725711,45.403120325556436,2.1070388573564665,2.1512968704268056,27.598379761775444,2.423708739612991,2.163782925846218
2006-08-21T00:00:00+08:00,1297.69,27.97499999772262,-28.52317677447004,27.454047331873113,41.17951500492546,45.19362342120165,2.0887284317327333,2.1326039816063846,27.454047331873113,2.3985254364270583,2.1391898864833796
2006-08-18T00:00:00+08:00,1293.081,27.961052736850785,-28.27626928150743,27.494391323284503,41.23513234925048,45.15438232968001,2.085830312156252,2.126614364884832,27.494391323284503,2.3818436769279203,2.138695264777987
2006-08-17T00:00:00+08:00,1298.819,28.30571416253446,-28.06692023171516,27.862352566295137,41.837239464889855,45.85736065049233,2.0959435393157153,2.1443895588139545,27.862352566295137,2.408591715053972,2.142587090339925
2006-08-16T00:00:00+08:00,1309.517,28.54663725739746,-28.170038979408957,28.166080471432576,42.0828416842153,46.02778836910271,2.1133109393661984,2.163506578300138,28.166080471432576,2.4372401121436105,2.1725410426805185
2006-08-15T00:00:00+08:00,1290.054,28.353530108238537,-28.035879483989902,27.80571136227466,41.13779084215496,46.165814827247296,2.0896546443512203,2.130510641841363,27.80571136227466,2.393008220227613,2.146725232936799
2006-08-14T00:00:00+08:00,1267.948,28.205446241768357,-28.049928999338903,27.300858179860075,40.45777614898706,45.53543287009552,2.0596611477833267,2.090785277146212,27.300858179860075,2.365948124117511,2.100332308602987
2006-08-11T00:00:00+08:00,1301.546,29.081711857583738,-28.102246032807383,28.286180447570388,42.29858837605517,46.70508608287366,2.1154974136558935,2.158201387447514,28.286180447570388,2.423870713376563,2.1628606840867617
2006-08-10T00:00:00+08:00,1296.618,29.034562355176643,-27.922272783994803,28.225332925278185,42.72405511682399,46.25774842270673,2.1144465882324273,2.150901440056157,28.225332925278185,2.412522514002792,2.1616842679347537
2006-08-09T00:00:00+08:00,1275.373,28.51596592555034,-27.995611597681293,27.80597981787877,42.44430835681781,45.61381284770365,2.078605079666469,2.1150706419230474,27.80597981787877,2.376847646746061,2.1384679326466753
2006-08-08T00:00:00+08:00,1275.225,28.682732007628,-27.83761669959521,27.907269490020767,42.92716812550009,45.431094650534384,2.081332683268748,2.116837695043277,27.907269490020767,2.3805212207980904,2.1348590926452164
2006-08-07T00:00:00+08:00,1242.796,27.958450651879666,-27.76338843728959,27.20464055225159,41.95019129324917,44.034018272539626,2.0312437794874874,2.0536855060525,27.20464055225159,2.3164609897129993,2.0711498733761298
2006-08-04T00:00:00+08:00,1266.033,28.43702425402207,-28.533108649901127,27.89711823811388,43.62822079056434,45.522615140912315,2.066776828497627,2.115178689513199,27.89711823811388,2.3749618948271025,2.125234227464263
2006-08-03T00:00:00+08:00,1301.537,29.102629749947116,-28.65625164024487,28.8010287105449,44.885336446693465,46.790376118560815,2.1150978283379396,2.190723860208028,28.8010287105449,2.4437990813672443,2.1835987808082487
2006-08-02T00:00:00+08:00,1304.132,29.13790952671237,-28.679970705519576,28.905159015711515,44.842301333330674,46.70508608287366,2.117933133425632,2.1926156241009047,28.905159015711515,2.4484693914267748,2.191100442239192
2006-08-01T00:00:00+08:00,1311.859,29.23272712412088,-28.98013763992896,29.057583788121047,45.332321386627015,46.92101042493207,2.126483625627068,2.2055602760217465,29.057583788121047,2.45511648956197,2.213381103426481
2006-07-31T00:00:00+08:00,1325.833,29.64466173467067,-29.248254738490022,29.4835519553793,45.86947151377298,48.06041946752943,2.152522305337585,2.236242912693304,29.4835519553793,2.5137568124179848,2.2372107429787342
2006-07-28T00:00:00+08:00,1378.402,30.751602780002276,-29.40729947914928,30.85592782020119,47.559656253147566,49.987779200177755,2.231652144500162,2.34072126997383,30.85592782020119,2.621021550773543,2.3343968830546276
2006-07-27T00:00:00+08:00,1392.131,31.15936014250099,-29.139380411440296,31.262473960282257,48.513933639300696,51.03126349542753,2.25427940928933,2.3664157564154857,31.262473960282257,2.682228368599875,2.339631582064799
2006-07-26T00:00:00+08:00,1408.12,31.525526413579417,-29.003155193034715,31.618683973178037,49.14046012894862,51.47613192805935,2.281272642231033,2.3983222160352953,31.618683973178037,2.709941971796698,2.3833709290638074
2006-07-25T00:00:00+08:00,1407.396,31.4370814875279,-28.748101533088857,31.607104433054293,48.72193668997498,51.75529634750084,2.2823654631801458,2.390951364233602,31.607104433054293,2.7026987048916635,2.371450801833273
2006-07-24T00:00:00+08:00,1389.299,31.01483110310091,-28.72964638589095,31.18944079882577,48.54576592048999,50.894588576546255,2.253700203738177,2.3610464583484383,31.18944079882577,2.6653486524514443,2.3591995904990823
2006-07-21T00:00:00+08:00,1386.993,30.95624852937575,-28.427862306170034,31.236023752468192,49.18662233590773,50.8677697826951,2.248986591929004,2.363081458920465,31.236023752468192,2.6725142421552155,2.3486617026548693
2006-07-20T00:00:00+08:00,1377.604,30.75031903568384,-28.088917229904844,31.020274394879475,48.401245344579124,50.75961548153303,2.233402278954062,2.3546304133425675,31.020274394879475,2.6633386664643455,2.328105482221588
2006-07-19T00:00:00+08:00,1368.223,30.590469305697095,-27.93217447662326,30.80098447416126,48.38658078477616,49.983892425099285,2.2202791211873136,2.332294831061628,30.80098447416126,2.6356060993201402,2.3159691800905424
2006-07-18T00:00:00+08:00,1403.128,31.36567887371052,-28.233169352022013,31.56621725487329,49.808720715715594,51.47653033568683,2.2758594729053585,2.3883293632807137,31.56621725487329,2.6965952924091705,2.362896739775292
2006-07-17T00:00:00+08:00,1398.2,31.298564394631985,-28.258508878668206,31.46663198315183,49.154015429942476,50.75961548153303,2.2707341262820524,2.3751409486633572,31.46663198315183,2.674152391669014,2.3545680747014255
2006-07-14T00:00:00+08:00,1379.301,30.88602543934123,-27.901105779229578,30.935969702785524,48.04824519488775,49.69852728714475,2.239848028666322,2.3369794065684335,30.935969702785524,2.6228729395012564,2.3195753155431698
2006-07-13T00:00:00+08:00,1367.74,30.727853649757204,-28.37414657401929,30.665609420021024,48.01481482286954,49.49234448603942,2.2240944153477167,2.317781437478788,30.665609420021024,2.6096637541990018,2.301402947314347
2006-07-12T00:00:00+08:00,1450.805,32.466851615222936,-28.64910282310898,32.8071942085749,51.08254661412242,53.15792454263138,2.3495333899736566,2.484027361170428,32.8071942085749,2.7848829038353693,2.4662454301007033
2006-07-11T00:00:00+08:00,1450.382,32.51641261616266,-29.0388208050645,32.92700843665657,50.9930307395494,53.27781304473462,2.3509303266281627,2.490716306997035,32.92700843665657,2.7874311780303813,2.4393770025178987
2006-07-10T00:00:00+08:00,1441.258,32.35941992447448,-28.58203645352009,32.75004032939761,50.30290430337377,52.46540972040145,2.3388134810475862,2.480180948343541,32.75004032939761,2.766882043686623,2.423098158306532
2006-07-07T00:00:00+08:00,1436.174,32.239249105909494,-28.209325748656756,32.5043019568721,50.11639360910931,52.665392765032884,2.329728914920138,2.460731211563225,32.5043019568721,2.736443818230428,2.4008428485357682
2006-07-06T00:00:00+08:00,1440.551,32.31290608238486,-28.068563343802875,32.55577400797438,50.111123391648455,52.76246749348954,2.3413859831471875,2.4580618984557154,32.55577400797438,2.7287506069974987,2.4082999411628223
2006-07-05T00:00:00+08:00,1409.363,31.683718787180965,-27.87659272669613,31.771177844291177,48.89383807214972,51.235847828657825,2.294929345600801,2.3985375736727734,31.771177844291177,2.663381002264926,2.351335089090712
2006-07-04T00:00:00+08:00,1424.426,32.085308366721335,-27.90361677757214,32.076010792038,48.848773720146454,52.004553595793006,2.324256501205195,2.4162853404716693,32.076010792038,2.6631946630439907,2.367974869414611
2006-07-03T00:00:00+08:00,1432.888,32.30049469106719,-27.720151239348564,32.285157521094234,49.01414049949724,52.47096214822164,2.3400734702719674,2.4333363076163557,32.285157521094234,2.6743648358587992,2.387267594339615
2006-06-30T00:00:00+08:00,1407.399,30.906520526376482,-27.831929323321063,31.46098240148132,48.10836548445249,50.993792581759095,2.3149217603917633,2.393388873284166,31.46098240148132,2.641131230342494,2.3660607994753633
2006-06-29T00:00:00+08:00,1408.859,30.831814253616397,-28.126487175737207,31.548596813906595,49.061747613042854,51.2742651187176,2.3139522461454582,2.4012496168992716,31.548596813906595,2.6520543920590134,2.3620992442453312
2006-06-28T00:00:00+08:00,1379.238,30.241555643208947,-28.12902853235824,30.92079726980418,47.91315673315854,50.26437668087095,2.267629389474849,2.3540372186759684,30.92079726980418,2.600147920472416,2.327987688257038
2006-06-27T00:00:00+08:00,1380.587,30.28663381042091,-27.865747452789737,30.903648012204005,48.14164206230187,50.436641786207495,2.267783193431876,2.3562187900134823,30.903648012204005,2.5971313087599435,2.3223833788966157
2006-06-26T00:00:00+08:00,1377.423,30.13814390878233,-27.61150952550296,30.81811814739634,48.30180804683201,50.189743454494646,2.261032571969306,2.3515878639639753,30.81811814739634,2.58535999761299,2.3240067541628493
2006-06-23T00:00:00+08:00,1353.009,29.604360230381257,-27.53651544320376,30.233075169548417,47.58814078729156,49.767957117801096,2.2187686047834507,2.30862214617229,30.233075169548417,2.5465319839435394,2.280737666254313
2006-06-22T00:00:00+08:00,1341.736,29.37281173079456,-27.449542601072373,29.9009345460772,46.89832414523995,48.477487021333005,2.203302259141846,2.279588375053064,29.9009345460772,2.491716301660399,2.2500700120754895
2006-06-21T00:00:00+08:00,1342.819,29.442296847090233,-27.748441285694838,29.999830829575775,46.9974025777696,48.87316766531797,2.207952609684027,2.2798455530736037,29.999830829575775,2.494603106372321,2.2462302824671623
2006-06-20T00:00:00+08:00,1346.371,29.33412798422697,-27.967167309159407,30.1266577195556,47.30259645429705,49.407971894525865,2.1997776148934487,2.290467283001012,30.1266577195556,2.504268619569351,2.260654650392496
2006-06-19T00:00:00+08:00,1338.513,29.23773997312792,-27.923320559357983,29.942002918756803,47.28511120747075,49.03684264080992,2.192080593389793,2.2779582000503824,29.942002918756803,2.486697398742621,2.251374001262683
2006-06-16T00:00:00+08:00,1322.034,29.00392874363633,-27.87145460241006,29.64238379884938,46.809065816511556,48.37187119694471,2.1654022410522105,2.257400255119667,29.64238379884938,2.462370072250892,2.2299602897150685
2006-06-15T00:00:00+08:00,1290.966,28.265459269304948,-27.634432624597036,28.957329662351597,45.400753022232394,47.227871833021844,2.1077506487152475,2.2070205082024708,28.957329662351597,2.4187103027607058,2.177734802132586
2006-06-14T00:00:00+08:00,1288.298,28.234846302082627,-27.658848059116533,28.901230045001093,45.33420374580548,47.52090008911729,2.104905824580772,2.200398422281396,28.901230045001093,2.409724909842701,2.173663215679185
2006-06-13T00:00:00+08:00,1300.816,28.590649708713823,-27.36237477406673,29.183513015978413,45.39466827810129,47.8249054652766,2.130926724680679,2.2178736938967183,29.183513015978413,2.4285550043512742,2.188274550759431
2006-06-12T00:00:00+08:00,1297.114,28.469683696238974,-29.824882869695074,29.018372107444115,45.607032467283226,47.334251799591684,2.1341725149057966,2.1894882512049034,29.018372107444115,2.41599806223709,2.176789080340987
2006-06-09T00:00:00+08:00,1292.885,28.44148947954529,-30.435972294887556,28.941911395507624,45.45188528061102,46.660370716420516,2.129346243570868,2.183279362826131,28.941911395507624,2.4163579946402214,2.166894397719777
2006-06-08T00:00:00+08:00,1323.72,29.12236385574328,-30.996739166735413,29.675761468848854,46.60555349898674,47.777822657735506,2.179111678469283,2.2413922145039726,29.675761468848854,2.48816124009569,2.2186836616598655
2006-06-07T00:00:00+08:00,1319.872,29.100085083062773,-31.90252147189965,29.588447318323162,46.263020532610895,48.01777890139084,2.177822021681886,2.239988293419623,29.588447318323162,2.489310986350272,2.2345476671186533
2006-06-06T00:00:00+08:00,1404.101,30.811963832644093,-31.733842850045406,31.777144322296323,50.48479226095769,51.601875140694965,2.303629388072859,2.4117311974730944,31.777144322296323,2.6641955604787024,2.4008621149588216
2006-06-05T00:00:00+08:00,1411.261,30.965103297087488,-31.013206049093462,32.03378580919385,50.71906660063828,52.49602191656721,2.314419727886402,2.4323639920107345,32.03378580919385,2.667144100289712,2.4254021913526254
2006-06-02T00:00:00+08:00,1393.174,30.647127084276537,-30.544725049661878,31.473607023246426,49.67076055945486,51.14890801807132,2.2905470253373763,2.37783046957186,31.473607023246426,2.629815940961776,2.3546261949189566
2006-06-01T00:00:00+08:00,1400.116,30.912047258566336,-29.832154926374542,31.4892356441748,48.98278170120491,51.4976715827426,2.309528493758407,2.3669543180641375,31.4892356441748,2.6213947186163677,2.3690525602612693
2006-05-31T00:00:00+08:00,1357.203,30.10797545263605,-29.132647439836216,30.456396172863748,47.17929869681044,48.97496543630182,2.2481477821660274,2.2778732679689937,30.456396172863748,2.5343138993373837,2.2610293386591565
2006-05-30T00:00:00+08:00,1367.007,30.292283216461318,-28.59391499114992,30.732784486033548,47.66273284308514,49.333908481094156,2.267764768827508,2.2879611946926626,30.732784486033548,2.5248055132525367,2.2742253572773503
2006-05-29T00:00:00+08:00,1350.391,29.830902348581976,-29.68152351137383,30.375771669292053,46.92415175092633,48.56609541519735,2.2514356245166645,2.2492597921924875,30.375771669292053,2.5072445237072527,2.2490657434018804
2006-05-26T00:00:00+08:00,1317.062,29.249503475891697,-28.97022380996806,29.608579565543423,45.75898860765672,48.04477401804457,2.2041755805711265,2.194147655865424,29.608579565543423,2.4449548319525145,2.188274550759431
2006-05-25T00:00:00+08:00,1292.244,28.801526705085855,-28.85029876202117,29.029395992936703,44.98055409650523,46.897940201592,2.1713878204255077,2.1518069045002766,29.029395992936703,2.3895257467475846,2.144298503319818
2006-05-24T00:00:00+08:00,1286.263,28.732327523917604,-28.80392518843089,28.68570891008297,43.899039107687095,46.17070774563403,2.1643896174378585,2.118204533465357,28.68570891008297,2.3477378638106545,2.115298811171785
2006-05-23T00:00:00+08:00,1298.788,28.91277082852837,-29.196805328523965,29.2679893674505,45.55468630324431,46.69066441645734,2.184151300982317,2.1611867127458795,29.2679893674505,2.4016910086681547,2.149946027823057
2006-05-22T00:00:00+08:00,1354.727,29.912020648446514,-28.430759107505057,30.8099182899861,47.5651956390278,48.56357642313676,2.2585302829052414,2.265088619815107,30.8099182899861,2.4856298767725074,2.2358104957944755
2006-05-19T00:00:00+08:00,1342.553,29.900104138686427,-27.624082169841163,30.2949616480649,46.38258566409889,48.20507337744689,2.257593198834946,2.210353490030412,30.2949616480649,2.449142024644729,2.1883100276486527
2006-05-18T00:00:00+08:00,1306.924,29.25267469406513,-27.57009823316741,29.505233666621837,45.57094648693092,47.04844112135482,2.2055829534204414,2.156758168344207,29.505233666621837,2.378992513788548,2.1270765748363387
2006-05-17T00:00:00+08:00,1304.654,29.399433682167828,-27.25543297073444,29.409393919886618,44.75054971340984,46.862751810867366,2.210635944310643,2.1346324271017916,29.409393919886618,2.3611364096453547,2.111721698173396
2006-05-16T00:00:00+08:00,1294.074,29.27774223373691,-27.059371647152908,29.060566389872232,44.32079348415379,46.373975667588645,2.1963588895281863,2.092436467549223,29.060566389872232,2.3350126941678875,2.0653469766030685
2006-05-15T00:00:00+08:00,1324.855,30.250683804245,-26.313484919163198,30.053748781213105,45.5551579122907,47.806037522042836,2.262869596444274,2.1668826166228126,30.053748781213105,2.4088456012907673,2.1208586019094997
2006-05-12T00:00:00+08:00,1268.463,29.05841144076513,-26.346888427825853,28.75765339905773,43.94966620305847,46.18859890930859,2.1760430588595305,2.0733017302033043,28.75765339905773,2.3032487050697745,2.0481452774509186
2006-05-11T00:00:00+08:00,1226.019,28.038220828710788,-26.213353726125757,27.960286785210908,42.211271910556604,44.75538262820952,2.0974886353971574,2.0057761764102,27.960286785210908,2.222837464843566,1.9852749997819692
2006-05-10T00:00:00+08:00,1233.228,28.170224250581256,-26.04335514459593,28.21301462707219,42.28512011842798,44.993512131878845,2.1116877875138726,2.0208815273485365,28.21301462707219,2.237077030112412,2.00479758081172
2006-05-09T00:00:00+08:00,1216.033,27.905317702182867,-25.508788593101837,27.81740800357087,41.56278714166592,44.48543229621305,2.0904350104596903,1.9884520223128819,27.81740800357087,2.204133076561016,1.963170875144778
2006-05-08T00:00:00+08:00,1181.241,26.583876462229412,-35.580327205085574,22.231390983135586,40.175712111946346,43.09527860130171,2.036871630348583,1.89006816611518,22.231390983135586,2.126441187804124,1.8950214438842223
2006-04-28T00:00:00+08:00,1138.053,25.21915475919517,-35.59755637566344,21.606252365031313,38.679297460054954,41.110236587256196,1.9622251710981675,1.8166314288637118,21.606252365031313,2.044122212538893,1.8317195252805878
2006-04-27T00:00:00+08:00,1122.503,24.711680345645817,-38.815838617119105,21.547119116200093,38.60579022914631,40.61766891296868,1.9425230462523377,1.796563686975719,21.547119116200093,2.0164168996221146,1.8128477606622824
2006-04-26T00:00:00+08:00,1120.399,24.562155112671647,-38.540777811425905,21.647959901915552,38.71432214641171,40.4284471304392,1.9501966921909566,1.7916493810893312,21.647959901915552,2.0061783076408064,1.7953064830409216
2006-04-25T00:00:00+08:00,1106.259,24.15043068698214,-38.770557681397484,21.36925596739334,38.89270440044641,39.8311177474381,1.9341934440597772,1.7688272195547863,21.36925596739334,1.9814498626037922,1.7803749631366046
2006-04-24T00:00:00+08:00,1105.115,23.772186278736225,-42.64718440605974,21.50793826435651,38.69626055379873,39.9216566258027,1.9443558852264884,1.7697803982975036,21.50793826435651,1.9880389002832157,1.777832696098929
2006-04-21T00:00:00+08:00,1113.571,23.742967362002247,-47.661607183914874,21.981435409869036,39.73350356101209,40.534052853946264,1.9688760084471117,1.806874371285604,21.981435409869036,2.0309607564666408,1.8198191722290389
2006-04-20T00:00:00+08:00,1101.4,23.36646977434542,-49.656314476477846,21.87299501515587,39.80037594007802,40.40579347201768,1.9367303294100826,1.7975319682152142,21.87299501515587,2.024010459645511,1.8106525794602182
2006-04-19T00:00:00+08:00,1106.592,23.2652943028876,-55.25419552381838,22.153077543708836,40.59220294434255,40.15448510111186,1.951674351624906,1.8221486515255654,22.153077543708836,2.0441874410263097,1.8386667914559809
2006-04-18T00:00:00+08:00,1101.123,23.1453974224813,-58.41852813120124,22.26986568100661,40.397643275421025,40.55713335649338,1.9469674063392601,1.8326000980721235,22.26986568100661,2.045808518680596,1.8386667914559809
2006-04-17T00:00:00+08:00,1096.158,23.480406367346742,-59.208389748492756,22.266562994752938,40.63169210204218,40.697536506976874,1.9404801139658674,1.8380693629041074,22.266562994752938,2.0505180447520432,1.8534582915107778
2006-04-14T00:00:00+08:00,1089.892,23.08838538230947,-61.546457365788555,22.0840400211204,40.08926408325332,40.0833197739065,1.9226131122717849,1.836721473930308,22.0840400211204,2.0432521856154495,1.8426872981280151
2006-04-13T00:00:00+08:00,1066.1,22.650702221436266,-62.035626827117504,21.691538481447974,39.32296276986757,39.08425768642235,1.884090178496331,1.798033965028763,21.691538481447974,1.9899553355940043,1.8053138247174556
2006-04-12T00:00:00+08:00,1092.225,22.974087374370804,-62.253378394543084,21.992689959240597,40.524809514712565,40.04685842236438,1.9242389871004655,1.8541317446446228,21.992689959240597,2.0476546722524045,1.8528761704339778
2006-04-11T00:00:00+08:00,1095.653,22.982731102231387,-63.30949703986214,22.041890324620514,40.43083193445571,40.043795608340474,1.930092050395099,1.8543532252182213,22.041890324620514,2.0496168706315765,1.8555096819047874
2006-04-10T00:00:00+08:00,1090.746,22.999097494939438,-61.31993859969907,21.90797727206703,40.085342879434194,39.8150227666248,1.9254604127702097,1.8540582224787432,21.90797727206703,2.0444829475605015,1.8463849603691065
2006-04-07T00:00:00+08:00,1072.531,22.6982707401252,-60.778727650970424,21.381684568079205,39.092801942756495,38.81650212594015,1.901450641980074,1.816468120944033,21.381684568079205,2.003768979863762,1.8149273353535567
2006-04-06T00:00:00+08:00,1067.167,22.651483793102802,-59.836547937829394,21.27784037172871,38.89518509001841,38.26858606810506,1.8962224685300917,1.7974242196216066,21.27784037172871,1.9835200202173737,1.8051884961979783
2006-04-05T00:00:00+08:00,1063.439,22.639645853961586,-60.668185633634366,21.272455323565993,38.58679256758458,38.306819634049766,1.8936570232277046,1.7992577005437065,21.272455323565993,1.9843338948417217,1.7978391679203247
2006-04-04T00:00:00+08:00,1053.344,22.523997030916753,-58.483112186841815,21.152787692184372,37.944100956895696,37.91874738014918,1.8790350034084329,1.7864871912342222,21.152787692184372,1.9643362157224318,1.79295525042893
2006-04-03T00:00:00+08:00,1042.536,22.36620167062765,-59.53110268156792,20.80659624619713,37.536903987754364,37.47176886940437,1.8647352116558322,1.7651504525289408,20.80659624619713,1.9447118277369129,1.7740418753382614
2006-03-31T00:00:00+08:00,1022.891,22.66697958654078,-63.268048723095426,20.64545950046504,36.58075621550644,36.762552350490836,1.8508489315166288,1.739005743305674,20.64545950046504,1.9246274318550138,1.7499494626666086
2006-03-30T00:00:00+08:00,1015.9,22.707463216833858,-66.11244965068724,20.47001963619388,36.00537065467884,36.110916510149465,1.8491817076915014,1.7327567296975186,20.47001963619388,1.9138444970254536,1.7349626157029987
2006-03-29T00:00:00+08:00,1024.798,22.96734090544955,-63.76702239236494,20.705285097370318,36.22395830449377,36.34129137475456,1.8676788045744561,1.755091224589613,20.705285097370318,1.9403700434401074,1.7572245113651923
2006-03-28T00:00:00+08:00,1017.91,22.879221837720177,-64.9412650685729,20.60410570982661,36.191749972357506,35.923367372587094,1.8611465425460108,1.7535835446262111,20.60410570982661,1.9263541786546774,1.7587454069659496
2006-03-27T00:00:00+08:00,1011.649,22.822542345556997,-66.32736750014813,20.405079847318806,35.85936525493393,36.64428784485368,1.8591874417826688,1.749355291205016,20.405079847318806,1.9194135719317993,1.7553174527287954
2006-03-24T00:00:00+08:00,1003.325,22.546067800718905,-67.39216575375973,20.21776451841716,34.685686315049736,35.9191739038541,1.8531354724601763,1.732946423922139,20.21776451841716,1.9040213315075731,1.7360937293278043
2006-03-23T00:00:00+08:00,1009.359,22.658587775739512,-67.49252032478515,20.280456234909426,34.812437847171836,36.44474855536025,1.865022259640398,1.749359115578947,20.280456234909426,1.92221593563118,1.7579738218886343
2006-03-22T00:00:00+08:00,1005.592,22.545132761004886,-67.98462010520682,20.158315651139997,34.44897931003212,36.12582409175518,1.8566342415642332,1.7358011539723774,20.158315651139997,1.917186292538885,1.7312298492725247
2006-03-21T00:00:00+08:00,997.241,22.381500090776516,-69.66916409330854,19.960128741310772,34.07496885672372,35.62686475394955,1.8474290837217655,1.7187262129138072,19.960128741310772,1.8922296024990934,1.7137824090136502
2006-03-20T00:00:00+08:00,993.95,22.332075864429118,-72.6305481203408,19.841742735296947,34.13621948686966,35.658539393754396,1.8467340314935592,1.7135557917734883,19.841742735296947,1.8878230133408622,1.711208025959568
2006-03-17T00:00:00+08:00,981.327,22.06552701760965,-72.45925036999887,19.672829044914224,33.367478398343714,35.23275735398826,1.8225190356164775,1.6933991465077312,19.672829044914224,1.8651134549504809,1.6960237535873879
2006-03-16T00:00:00+08:00,984.263,22.19033214352187,-73.20248602008198,19.739207030292633,33.410261852975886,35.32961660314551,1.8324048360870668,1.699934715198033,19.739207030292633,1.8700764391337032,1.7047217737978433
2006-03-15T00:00:00+08:00,984.147,22.21983101887945,-76.89683167206186,19.752612854507866,33.738118703145254,35.36252789039465,1.8335478171632218,1.698677063050121,19.752612854507866,1.863232448506178,1.7049356533575661
2006-03-14T00:00:00+08:00,973.836,21.918575665423035,-78.06334710192847,19.529692246488423,33.560088184467475,35.28403194015404,1.8132274807363238,1.6841953894310702,19.529692246488423,1.8463865167914624,1.6875718777846287
2006-03-13T00:00:00+08:00,973.847,21.969255871517763,-74.58609604091556,19.476652716858478,33.60021012103275,35.422311881762816,1.8138419748699672,1.6853199883106058,19.476652716858478,1.8407491347865763,1.6876248364952504
2006-03-10T00:00:00+08:00,964.778,21.64229800543289,-74.7235437684231,19.352161350583568,33.31188777224072,35.31005783192481,1.7986223625529851,1.676806386246665,19.352161350583568,1.8319998459004307,1.6774861235288119
2006-03-09T00:00:00+08:00,961.36,21.637942558523765,-74.40427895861524,19.27451930932692,32.948783763440375,35.491537433560666,1.7982839809761697,1.676077035816113,19.27451930932692,1.8242979220164157,1.6700166157919312
2006-03-08T00:00:00+08:00,965.894,21.679234579649222,-75.85767951888218,19.302216926695937,32.91025874994413,35.423186883091304,1.8053589581699088,1.682332478449673,19.302216926695937,1.834195293277594,1.6822023153316086
2006-03-07T00:00:00+08:00,970.604,21.86053179901483,-76.68382608031702,19.471323768130116,33.01012118742667,35.61816974362186,1.8211703280938136,1.6890462408948694,19.471323768130116,1.8422076945877202,1.6916104661597606
2006-03-06T00:00:00+08:00,994.068,22.37989448704812,-79.71172901477264,19.971303609616534,33.77410618968143,36.199828781349154,1.8662206340953722,1.7376896151272412,19.971303609616534,1.884968665200405,1.746969803490034
2006-03-03T00:00:00+08:00,996.555,22.533683797505216,-80.06234253695543,20.146653000847248,33.675157901601644,36.351845580772235,1.874073852160849,1.742794626295862,20.146653000847248,1.8918570220648094,1.7640067140139406
2006-03-02T00:00:00+08:00,994.641,22.448026797380386,-80.07379200464943,20.035114560042963,33.558571159522344,36.556374090348044,1.866423930492077,1.7447303536617587,20.035114560042963,1.893068697234291,1.763435134588041
2006-03-01T00:00:00+08:00,1012.287,22.88542976701902,-82.40308819607539,20.42822120387158,34.42519565703153,37.42143736847854,1.9006434170014725,1.779881009822325,20.42822120387158,1.9360412800860458,1.7913474280076915
2006-02-28T00:00:00+08:00,1006.788,22.781499835960723,-85.29559970391755,20.28608813407418,34.00118611399771,37.04310362713597,1.8913555919052758,1.7649923431683217,20.28608813407418,1.9299658139158353,1.7686236696590076
2006-02-27T00:00:00+08:00,1003.282,22.84055510678439,-81.49955285621755,20.20563595081833,33.84101336813363,37.01632962825711,1.8929257760929878,1.768290012399343,20.20563595081833,1.929168174635072,1.76838572951341
2006-02-24T00:00:00+08:00,1005.374,22.860463958159702,-76.93105251664575,20.19091657184057,33.92515893812128,36.97043774612459,1.8951133857083724,1.7773039574042582,20.19091657184057,1.9394760645708164,1.7763884255058313
2006-02-23T00:00:00+08:00,997.359,22.71673079221527,-78.69402660970775,20.072261944542777,33.79695332783835,36.85807284313229,1.8838686084501104,1.7640331940188396,20.072261944542777,1.9229420174601786,1.7668625862831044
2006-02-22T00:00:00+08:00,995.465,22.669555764431557,-73.84850692905243,20.076864655175218,33.77965812761099,37.06965271844902,1.879296728591495,1.7633213433594617,20.076864655175218,1.9249662114656414,1.7652769241088035
2006-02-21T00:00:00+08:00,996.027,22.713619836846263,-72.5630437312005,20.07327985218392,33.74474727583185,37.106306075454256,1.883259653328071,1.7648453322124873,20.07327985218392,1.9206415740903762,1.770632678383842
2006-02-20T00:00:00+08:00,979.861,22.32111157823023,-71.02235977669226,19.71635953569979,33.31806147718196,36.42716949406508,1.853911403963848,1.739090933463452,19.71635953569979,1.8936987855577747,1.745323456230744
2006-02-17T00:00:00+08:00,981.374,22.300869131734434,-69.37472554769626,19.714055465662067,33.29809279325743,36.94763220233725,1.8540878144897448,1.7474355241068213,19.714055465662067,1.898993628528184,1.7403103077896294
2006-02-16T00:00:00+08:00,983.827,22.390738897997764,-68.35073213731897,19.88247430066856,33.530219610292995,37.31057465544657,1.8613161471315363,1.7605610662808717,19.88247430066856,1.9166886381662542,1.759615531035616
2006-02-15T00:00:00+08:00,1006.679,22.913679572065845,-67.99247450672434,20.552170382580318,34.41060132583304,38.19164584850361,1.9045070208093622,1.8139295999859872,20.552170382580318,1.9710801036423364,1.8153743093985653
2006-02-14T00:00:00+08:00,1004.386,22.72678953115169,-68.27716985967454,20.607514169144487,34.43192723793102,38.23556770287249,1.8887918856594483,1.81429488989875,20.607514169144487,1.981329682452342,1.8135337878316753
2006-02-13T00:00:00+08:00,996.957,22.601740651378158,-67.52020592279693,20.45503231837387,34.19587319707112,37.811191670359165,1.8794509740319354,1.8058227321683205,20.45503231837387,1.9611515887788065,1.804413887098406
2006-02-10T00:00:00+08:00,997.923,22.667371904301955,-66.41144516148505,20.437651231942848,34.330576681202295,38.10631374966273,1.8851823306009476,1.8086228059846698,20.437651231942848,1.9790179559435432,1.8081457775200922
2006-02-09T00:00:00+08:00,986.132,22.460224070816412,-67.37510246825838,20.329467753403,33.93157588357816,37.72870841303779,1.867268750316387,1.7896199564283317,20.329467753403,1.9613201335627075,1.794426462296776
2006-02-08T00:00:00+08:00,998.915,22.787059329284226,-65.3095102904776,20.551940065742322,34.51636879325653,38.333336077147955,1.894863219285926,1.8149361133812603,20.551940065742322,1.9897842634092613,1.8298509000940624
2006-02-07T00:00:00+08:00,995.25,22.669633411580918,-63.87753900354877,20.438641409580086,34.3263273869119,38.30375136792668,1.8850986397835174,1.801161922232283,20.438641409580086,1.9899639678514487,1.8169795826549784
2006-02-06T00:00:00+08:00,996.809,22.746409148873013,-60.96292825804778,20.43262366455741,34.4207302471082,38.06605573111547,1.891473954824399,1.7944402297439268,20.43262366455741,1.984278197570033,1.8158803353067503
2006-01-25T00:00:00+08:00,974.233,22.23551487192794,-60.30068526925646,19.958682906058904,33.36312541932302,37.49575706301948,1.8489906242807632,1.7559894939356415,19.958682906058904,1.9337811665626456,1.7793766933545587
2006-01-24T00:00:00+08:00,969.51,22.211810684476156,-61.33083038888985,20.127125880882623,33.80177306840712,37.45659098399882,1.8435322574631898,1.7723505053045794,20.127125880882623,1.9409910753068103,1.7985103470058519
2006-01-23T00:00:00+08:00,968.56,22.25149853295319,-64.96852457038109,20.191965666657055,33.336893289465095,37.81051478265586,1.8485402019454904,1.777198869373501,20.191965666657055,1.9555734483488476,1.8020065045120357
2006-01-20T00:00:00+08:00,964.529,22.24496089562692,-70.96085875175619,20.173696310174314,33.53007075399102,37.63242361922836,1.8484509660095467,1.7696457664821794,20.173696310174314,1.9458462947922388,1.7888632305332153
2006-01-19T00:00:00+08:00,962.392,22.18497093589748,-73.49527402476501,20.23308968073845,33.591791747514115,37.31158625150907,1.8434660842978368,1.7696712203737952,20.23308968073845,1.9494865399417498,1.7863193728015907
2006-01-18T00:00:00+08:00,954.055,21.924031129228087,-74.85615116371592,20.085718902801386,33.110781798223535,37.02426391956773,1.8218033858309066,1.756433504231012,20.085718902801386,1.9315427398192935,1.778720729493806
2006-01-17T00:00:00+08:00,935.381,21.47223405876845,-77.5261746662088,19.779524157441994,32.42993938706341,36.36435264173377,1.7874611848421962,1.7188338688534854,19.779524157441994,1.9086097534411124,1.7473511831721567
2006-01-16T00:00:00+08:00,933.994,21.379748151760754,-73.98376759753317,19.750451980811917,32.727717446948,36.362017457922086,1.7795479075040577,1.7206330847568645,19.750451980811917,1.9014655846207322,1.7434579727801323
2006-01-13T00:00:00+08:00,948.981,21.68337197951683,-75.97936096317241,19.924095197656214,32.82858201394488,36.6658321447176,1.8048201017093572,1.7471568851033752,19.924095197656214,1.9322361755366053,1.7673333599183638
2006-01-12T00:00:00+08:00,950.131,21.76758081933285,-76.27318320031269,19.92353917156073,32.74153062245604,36.664274287022046,1.8118292425017017,1.7408787540862423,19.92353917156073,1.9254982391411672,1.7631442553833812
2006-01-11T00:00:00+08:00,936.55,21.486430826397132,-76.063700019333,19.665036200247282,32.25979432159466,36.1117763579792,1.7883528022467687,1.7070829979926923,19.665036200247282,1.8943457242578536,1.7365688777832555
2006-01-10T00:00:00+08:00,941.244,21.66732578820234,-76.37632476578386,19.724345990019344,32.453044252217275,36.00690829267961,1.8034090028093044,1.7198287300893715,19.724345990019344,1.9031653188877131,1.7476163982038366
2006-01-09T00:00:00+08:00,937.485,21.574302986044874,-73.29970999320064,19.643150330945772,32.23848905476981,35.917554684665724,1.795666554084624,1.71429024781215,19.643150330945772,1.892244035458226,1.7447194568782334
2006-01-06T00:00:00+08:00,929.676,21.446260530608136,-72.46367969062615,19.43507018703767,31.82970545151198,35.66676407936234,1.7850093590484293,1.6935810701599137,19.43507018703767,1.870619520662241,1.7198027273396694
2006-01-05T00:00:00+08:00,919.826,21.272014623830714,-71.85210224515478,19.364988830070768,31.526586435046696,35.28916277287655,1.770506570839233,1.6779363187455032,19.364988830070768,1.8475890302958073,1.7075216695866002
2006-01-04T00:00:00+08:00,905.058,20.965684997643407,-73.8465336075559,19.135045214401345,31.146524736478455,34.98802827098687,1.745010226198855,1.6542750932657229,19.135045214401345,1.8257872763845002,1.6850203984579768
2005-12-30T00:00:00+08:00,890.074,20.6327048765678,-47.86662051799877,18.827502429165488,30.844144473581718,34.87196223441723,1.7152264988323989,1.6409256572270041,18.827502429165488,1.7939908159521871,1.6647524597333727
2005-12-29T00:00:00+08:00,897.707,20.834093839001444,-49.127923841812496,18.912079857870395,30.788287692968893,35.04175022672354,1.731968253595099,1.6594952908686558,18.912079857870395,1.810451214433368,1.6852674483576742
2005-12-28T00:00:00+08:00,885.028,20.608226532316586,-50.59620745167394,18.705256461214404,30.600773948618183,35.04076743106577,1.7131915787870835,1.6468341948020078,18.705256461214404,1.7914182956156548,1.6703824894767871
2005-12-27T00:00:00+08:00,883.247,20.558084721749967,-51.35786436792454,18.61573360931036,30.423623101904703,35.001819571329214,1.7090232177959954,1.644455629278533,18.61573360931036,1.7922310966160315,1.6657490376658268
2005-12-26T00:00:00+08:00,884.619,20.624433344756174,-51.04686974266992,18.548983551466673,30.47984330727463,35.00117673079524,1.714538874469325,1.6484343665366605,18.548983551466673,1.7922984563228086,1.670157872471888
2005-12-23T00:00:00+08:00,877.779,20.41609199106952,-49.58057120540693,18.388903944563296,30.16501780318051,34.961677042986906,1.6970239282719413,1.6352772796240787,18.388903944563296,1.7784088853095712,1.65657799893021
2005-12-22T00:00:00+08:00,869.668,20.24571754926603,-49.131096275869176,18.18003578498982,30.04507370193387,34.24547063567605,1.682862084533675,1.6176029276028256,18.18003578498982,1.7590642789754583,1.6393217133802567
2005-12-21T00:00:00+08:00,864.493,20.160376403991393,-48.602486328250635,18.102403314554035,29.895690307544108,34.003194191262764,1.675768368182698,1.6115953868778055,18.102403314554035,1.7485356538605181,1.623348028371564
2005-12-20T00:00:00+08:00,869.292,20.290742187914855,-49.471580312835066,18.28734343177839,30.155479425923527,34.24547063567605,1.6866046171006017,1.627937044992316,18.28734343177839,1.7616020429171164,1.6423326190696186
2005-12-19T00:00:00+08:00,866.132,20.233689615058413,-49.435530105422586,18.270885725789547,30.10691936585389,34.35271307428602,1.6818623000434427,1.6256999463830573,18.270885725789547,1.7638357467923818,1.6413389102896963
2005-12-16T00:00:00+08:00,865.388,20.17331233201635,-48.29226306935202,18.242327152635248,29.890373991275744,34.24547063567605,1.6768227724457574,1.6233829085640763,18.242327152635248,1.7626793811851067,1.644416839076266
2005-12-15T00:00:00+08:00,858.939,20.08560463411597,-49.42051856431178,18.11663271411243,29.950640650218435,33.94669553213843,1.66953243446171,1.6104217371625782,18.11663271411243,1.751854772479309,1.6293958402672246
2005-12-14T00:00:00+08:00,861.942,20.12568374326138,-50.026671685213785,18.243375867591123,30.114725615234477,34.176366658270275,1.672863843890577,1.6197021960669842,18.243375867591123,1.7650524762253135,1.6460676033879535
2005-12-13T00:00:00+08:00,853.516,19.988304419769975,-50.01111019445892,18.11987823682686,29.72439478599891,33.85544097425634,1.6615871921991412,1.604136695828741,18.11987823682686,1.7487888274902885,1.6285952624617943
2005-12-12T00:00:00+08:00,852.949,19.95524441170846,-49.691400810254166,18.077723322678192,29.352344589231517,34.02802848797138,1.6588389808043476,1.6051715888288471,18.077723322678192,1.7472027755148698,1.6274673290050614
2005-12-09T00:00:00+08:00,850.019,19.89630890645829,-49.26791738166231,17.964698778222836,29.484756711570146,34.10305672926941,1.653939791817086,1.5953711766330783,17.964698778222836,1.739367149105026,1.6087873344469117
2005-12-08T00:00:00+08:00,836.918,19.635371316560278,-48.58626595810951,17.70309624877862,29.123832446884226,33.6497669284947,1.6322485793837465,1.57071776327927,17.70309624877862,1.7091043448966101,1.5820808873404841
2005-12-07T00:00:00+08:00,837.245,19.644848039097756,-50.503508112316574,17.72571607313909,29.11710826992143,33.50494049952912,1.6330363600928348,1.5732766942103815,17.72571607313909,1.7191950143047674,1.5893574534815738
2005-12-06T00:00:00+08:00,829.719,19.445375950209247,-49.72944643028477,17.544833888973116,28.769549614377457,33.35813253541095,1.6164546500601682,1.5595757299504962,17.544833888973116,1.6906888538083609,1.575588055159205
2005-12-05T00:00:00+08:00,824.988,19.304870714409006,-50.53878627519606,17.545106785692294,28.602084350357636,33.18596885478186,1.6047747348804573,1.5519057826422187,17.545106785692294,1.6879764679217801,1.5712070121699342
2005-12-02T00:00:00+08:00,839.726,19.619862773809402,-52.91161840265671,18.0375109434713,29.414198553388463,33.96051255843175,1.6309593856909261,1.5961761957504046,18.0375109434713,1.748347818640641,1.6161240036750084
2005-12-01T00:00:00+08:00,845.507,19.730791976311178,-54.361182457658835,18.309486009110998,29.522682818450445,34.67549287923062,1.640180705230071,1.617915705574834,18.309486009110998,1.7702245986163991,1.6374938335829334
2005-11-30T00:00:00+08:00,846.44,19.751526032584316,-54.91441410246894,18.29521023191349,29.61961748694123,34.76372568553909,1.6419494565297763,1.6223556954483929,18.29521023191349,1.7735593563123984,1.644531331901551
2005-11-29T00:00:00+08:00,844.286,19.74191257472351,-56.197791590103144,18.347657336977385,29.485300252547397,34.49226864231021,1.6412608407431317,1.619398455022609,18.347657336977385,1.7675655627848057,1.6423792308035856
2005-11-28T00:00:00+08:00,854.335,19.98457058513959,-57.549876839838916,18.641257635700125,30.091893222145398,34.878067463757105,1.6614344226538895,1.6425754837565,18.641257635700125,1.7933120512907348,1.6674830439290287
2005-11-25T00:00:00+08:00,857.815,20.060242196728858,-56.88530780064024,18.638306093069236,30.34991106966942,35.095760965058666,1.6677130200901704,1.6503085246025249,18.638306093069236,1.7984517211545348,1.6726596263023101
2005-11-24T00:00:00+08:00,856.341,20.045308181617894,-56.476382448762166,18.603896811493275,30.36119734125082,34.83512774595921,1.6664877829497955,1.649965433184682,18.603896811493275,1.8019518461061068,1.6706501064427213
2005-11-23T00:00:00+08:00,851.88,19.94103602186643,-55.60638924324536,18.520325040228933,30.26727577709324,34.71888761907727,1.6578044205596318,1.6432455768993568,18.520325040228933,1.7930548708440233,1.6603393550289092
2005-11-22T00:00:00+08:00,845.451,19.82031681621218,-55.78982497021043,18.388873517174,30.04460392250402,34.67032973429535,1.6477945386299966,1.6310781507310934,18.388873517174,1.7807617927660582,1.6514056510431705
2005-11-21T00:00:00+08:00,860.295,20.20818931689,-57.175173297838725,18.741779774296234,30.570160293283273,35.47062253028705,1.67992711269548,1.6675817479009412,18.741779774296234,1.8160062844468952,1.6974005013465185
2005-11-18T00:00:00+08:00,858.491,20.1961660049555,-55.83283392930723,18.732404619983683,30.554093781293908,35.60316257137403,1.6789299467745233,1.6610911184953348,18.732404619983683,1.814994928175991,1.6820502267167157
2005-11-17T00:00:00+08:00,839.906,19.818920335588334,-55.021225198605514,18.318796808924155,29.911040524460724,34.743878330861385,1.6465253075207376,1.6248189726779163,18.318796808924155,1.7720946472725843,1.6419240584951653
2005-11-16T00:00:00+08:00,840.515,19.82907998858116,-54.78936679156541,18.243529085989813,30.12211384143477,34.76219774791923,1.6473693558065456,1.6283642001671927,18.243529085989813,1.7756055916890536,1.6360730179316452
2005-11-15T00:00:00+08:00,834.368,19.68231232161601,-54.666685475569494,18.11292065122238,30.022885075368627,33.99939090078621,1.6351440028515096,1.6125777230119314,18.11292065122238,1.7585931681443416,1.6281108696682864
2005-11-14T00:00:00+08:00,839.955,19.710496671208986,-53.59607068960094,18.201210559687603,30.526150960564866,34.203645615458264,1.6373974350232088,1.6223396842011615,18.201210559687603,1.7834693618001127,1.6399104412299035
2005-11-11T00:00:00+08:00,840.247,19.75862214231353,-51.60473961011463,18.22104100134859,30.20160460069026,34.21733571425279,1.6416701049430396,1.616414038161219,18.22104100134859,1.777076316807502,1.634125154028428
2005-11-10T00:00:00+08:00,837.798,19.724597830163805,-50.82008972980795,18.296333492330074,29.77864380663853,34.35423703529809,1.6388546057780304,1.607439275858507,18.296333492330074,1.7737703084312595,1.6271729455613413
2005-11-09T00:00:00+08:00,856.534,20.126638454038584,-52.16021901776262,18.90344588339028,31.197304066262262,35.68053213189819,1.6721269613282415,1.6601541204793993,18.90344588339028,1.8287151117842066,1.6764614609210668
2005-11-08T00:00:00+08:00,859.181,20.1807212538698,-53.16751587652291,19.004535389572997,31.089364719957505,35.86304124766237,1.6764305103589163,1.6702834140963634,19.004535389572997,1.8450643392851707,1.6824004523636669
2005-11-07T00:00:00+08:00,853.823,20.02907614118955,-52.26969133766997,18.859101341104278,30.748691088719642,35.62028760425451,1.6639269690864422,1.6575818752385427,18.859101341104278,1.8298544077309242,1.6679746460378921
2005-11-04T00:00:00+08:00,851.935,20.022109820547726,-51.163230028424834,18.80333584965547,30.591422257133623,35.2893003632569,1.6644661111012593,1.6458102542168271,18.80333584965547,1.814092311539689,1.649208506699101
2005-11-03T00:00:00+08:00,847.455,19.909902356449784,-50.114787064107475,18.680680839187286,30.70963681782785,34.98129649246013,1.6574962854175441,1.6325887546424334,18.680680839187286,1.8017134921313962,1.634224751976296
2005-11-02T00:00:00+08:00,856.062,20.09120894456371,-48.73663326211414,18.956813933563538,31.076859206503684,35.47855752008966,1.6722969621553667,1.6506447567105886,18.956813933563538,1.8275937610114859,1.6480580116145411
2005-11-01T00:00:00+08:00,843.352,19.827151235967992,-47.84189619705117,18.61774454329565,30.206340930680966,34.81229352910206,1.650076124155244,1.6136475849905956,18.61774454329565,1.7900960992659347,1.6257675390619175
2005-10-31T00:00:00+08:00,847.653,19.73385346080987,-49.08954548462168,18.805515515717126,30.356255931534122,35.09523867158667,1.6567827254008727,1.6251084371016606,18.805515515717126,1.8020167420789994,1.6397929034135805
2005-10-28T00:00:00+08:00,841.297,19.007841630330795,-53.05774782411598,18.599493216067717,29.852399888958008,34.43528326620902,1.6460538892101064,1.613808908302469,18.599493216067717,1.8021832095358408,1.6329760463806904
2005-10-27T00:00:00+08:00,856.1,19.2888277143942,-55.76072247205885,19.161769473638476,31.132503688609802,35.50025034722003,1.691744697900208,1.6678626037312012,19.161769473638476,1.867490306470043,1.6973439584952887
2005-10-26T00:00:00+08:00,858.769,19.209191500780545,-60.18741317628668,19.476103162829038,31.74465609668351,35.332635370744235,1.6977520161951032,1.686957180271896,19.476103162829038,1.892426467627519,1.7109772433024795
2005-10-25T00:00:00+08:00,880.055,19.737349833942563,-61.00399956290272,20.065846156323207,32.71522864275652,35.964575969650134,1.7454262312249245,1.741562016651,20.065846156323207,1.9354907779931374,1.7529784470042178
2005-10-24T00:00:00+08:00,895.323,20.078430721701412,-60.726370086513164,20.62181973133556,33.48833049629614,37.100229318780826,1.7781588898016882,1.7878679657259438,20.62181973133556,1.9805251312845475,1.8036074378580134
2005-10-21T00:00:00+08:00,893.329,20.00007585178838,-64.28819501869475,20.65105930016538,33.0940339889042,36.2245857674053,1.7853025079178706,1.7863234602442797,20.65105930016538,1.983251270428781,1.8107752337794267
2005-10-20T00:00:00+08:00,887.689,19.895258559914723,-65.75969506121356,20.510465086379305,32.58136084210397,35.33355173217221,1.778380502942867,1.7717577837778031,20.510465086379305,1.9679769426458353,1.8036259220462245
2005-10-19T00:00:00+08:00,887.385,19.896241292065127,-68.08647582545609,20.543305870838598,32.46571455645704,35.64684091579474,1.7787122462935896,1.7776508063101262,20.543305870838598,1.9797992010105405,1.8152814170606917
2005-10-18T00:00:00+08:00,892.378,20.051380721889164,-65.86392654600205,20.721052492274282,32.65164723998417,35.43321882205759,1.7909205372239845,1.789107910684351,20.721052492274282,1.9900276808236153,1.82797060716446
2005-10-17T00:00:00+08:00,883.72,19.86658921678516,-63.1105689488231,20.361485909004035,32.01917289455248,35.37091474092199,1.774047152006124,1.7584737781472422,20.361485909004035,1.9660406557087982,1.7976523926989219
2005-10-14T00:00:00+08:00,886.964,19.940774610705308,-63.116891963454464,20.361839176387868,32.04161789985509,35.34666052772128,1.7843289753761717,1.7576862660098345,20.361839176387868,1.962919469785499,1.7846140226167684
2005-10-13T00:00:00+08:00,897.117,20.164912211975555,-65.25938082988452,20.65995658290683,32.35326648446348,35.72143618496163,1.8042752621270648,1.7781623818817318,20.65995658290683,1.9810512170716517,1.808626926418349
2005-10-12T00:00:00+08:00,902.745,20.32098611250198,-66.75905758997814,20.843264052793163,32.50972574240277,35.542762254677044,1.8182155066116361,1.788276589385255,20.843264052793163,1.9858795228863835,1.8295575028182158
2005-10-11T00:00:00+08:00,896.938,20.235622748707186,-65.31969828889842,20.66872806481501,32.32886329841975,35.29801904977254,1.8101277549887127,1.7707390593797598,20.66872806481501,1.959030591978383,1.803189231275517
2005-10-10T00:00:00+08:00,881.747,19.91378972027341,-62.92778263073375,20.255370162833565,31.731578541624337,34.833152881362324,1.7809261978107906,1.7303869251101522,20.255370162833565,1.9199944024242195,1.7495445782985672
2005-09-30T00:00:00+08:00,892.571,20.18436618572916,-65.09454907908251,20.609874255306305,32.2312517501559,35.280227462999065,1.8049130439960555,1.7579079085760312,20.609874255306305,1.9523467285500677,1.79758182384965
2005-09-29T00:00:00+08:00,892.875,20.183141242190047,-66.52277974610227,20.71838482516359,32.31599335969134,35.630575853740474,1.8048848465359628,1.7637904259409705,20.71838482516359,1.9557269884830246,1.7961838422821517
2005-09-28T00:00:00+08:00,878.079,19.776014901679403,-64.24245019667767,20.37449779101283,31.646580439103452,35.036536688993394,1.7684774234600251,1.7266982279867282,20.37449779101283,1.9252424765113791,1.76811240432596
2005-09-27T00:00:00+08:00,879.669,19.811061480788943,-68.16058641816765,20.500229802258165,31.778562945879635,34.78090946676569,1.7716114767176134,1.73264997532815,20.500229802258165,1.929694898984787,1.779429746044419
2005-09-26T00:00:00+08:00,895.3,20.200574699964676,-70.34232795932914,20.94353011988213,32.553622924580495,35.574337542225564,1.806443839944382,1.774483829999722,20.94353011988213,1.9507670202567837,1.814492585809261
2005-09-23T00:00:00+08:00,891.457,20.13830431944031,-75.17717560204126,20.920052297822597,32.34324604894693,34.95898693145891,1.8008752882086023,1.7609755071326165,20.920052297822597,1.9422158763901354,1.7980496526228484
2005-09-22T00:00:00+08:00,900.712,20.3042114400324,-81.07635815827473,21.20197362250533,32.61445084044981,35.429540143173995,1.8156858544978849,1.7869487461269848,21.20197362250533,1.972988859886896,1.8169877079934187
2005-09-21T00:00:00+08:00,926.025,20.835593196868672,-86.96931291054139,21.86512700852375,33.805996648782276,36.50866772656767,1.8632041903809649,1.8606152093146968,21.86512700852375,2.0421743657697724,1.889934352367923
2005-09-20T00:00:00+08:00,942.144,21.255747116015204,-86.10694812930946,22.171179188306052,34.495861683232555,37.22733718386943,1.8974172254951167,1.8973562890519142,22.171179188306052,2.077186543339966,1.9229270000806098
2005-09-19T00:00:00+08:00,949.929,21.405439219264164,-79.13456059149364,22.258041539837176,34.60479592640832,37.648667685765446,1.910779652780073,1.9121461320219044,22.258041539837176,2.088407282872975,1.934796262911856
2005-09-16T00:00:00+08:00,942.49,21.26529285369843,-74.88059409110583,21.97032447515439,34.42546390523371,37.02869584952906,1.8982588901363588,1.886892813610821,21.97032447515439,2.0548455222935234,1.8869722135784186
2005-09-15T00:00:00+08:00,943.99,21.32593439625863,-71.8532623477829,21.888880531389603,34.540988325883035,37.27344580543377,1.9036720931450275,1.8892131398489187,21.888880531389603,2.057196041155442,1.8772277728320645
2005-09-14T00:00:00+08:00,943.113,21.31795351512278,-68.7272502913991,21.819891001489495,34.2296979649928,37.14639823676072,1.9029596750686137,1.8843150307521561,21.819891001489495,2.0487505339033,1.8845834888188544
2005-09-13T00:00:00+08:00,934.995,21.136710984089852,-71.77088542944931,21.54853898020579,34.03811616592617,36.42230091944469,1.8867809538203852,1.8626746549296427,21.54853898020579,2.03145144421711,1.8636825991062098
2005-09-12T00:00:00+08:00,918.468,20.780917864022285,-69.70379033582168,21.06841102175421,33.18563348725123,35.585212129496064,1.8550208714239746,1.8214303337575157,21.06841102175421,1.986140288203218,1.8163899958296645
2005-09-09T00:00:00+08:00,916.529,20.791634202945076,-66.61466238081695,20.895507389751785,33.009619852326345,35.68230291310321,1.8560422795467941,1.8118956170562788,20.895507389751785,1.979696985220085,1.8061359663226026
2005-09-08T00:00:00+08:00,924.089,20.89322087466,-65.41913245134116,20.949144773266376,33.03092077722719,36.04640804486957,1.8647544864375558,1.8335369880624914,20.949144773266376,1.9990909637052938,1.8141165497869003
2005-09-07T00:00:00+08:00,922.032,20.888498333049842,-64.67591234488322,20.94204732262141,33.023245687515235,36.02316529309762,1.8642775504019278,1.8310780863803706,20.94204732262141,1.9956820127802926,1.825508781731584
2005-09-06T00:00:00+08:00,902.571,20.4879524296339,-63.77126586246789,20.383160293404508,31.98330369802299,34.79724559666048,1.8285292297637268,1.77801201843138,20.383160293404508,1.9356788430406313,1.7649743548830905
2005-09-05T00:00:00+08:00,920.525,20.883645184740725,-65.17952836742683,20.673759544513363,32.847836955768855,35.70895652883729,1.86384441176652,1.8283632483652426,20.673759544513363,1.9857052931350483,1.814196573150646
2005-09-02T00:00:00+08:00,912.5,20.731628850458655,-61.78124997998783,20.343292528613823,32.47561917107722,35.26790893803137,1.850280947656805,1.8050047309446358,20.343292528613823,1.9638257136481496,1.7956927661399722
2005-09-01T00:00:00+08:00,907.993,20.648075215903223,-61.135143843628555,20.11773911632395,32.377142450453206,34.83591909259287,1.8428066487202464,1.7906415525278119,20.11773911632395,1.9426658516305835,1.7718626127531427
2005-08-31T00:00:00+08:00,890.211,20.465169080808465,-59.13709658029006,19.733158123100793,31.710314451538075,33.94405041908518,1.8112932221248954,1.7465598092573227,19.733158123100793,1.9012019719541609,1.7364249386445976
2005-08-30T00:00:00+08:00,875.316,19.99279313252324,-63.169768094477426,19.471400149070988,31.07925213155204,32.91535758115242,1.7831496020543602,1.6988315353694232,19.471400149070988,1.8644901835734489,1.686104140722068
2005-08-29T00:00:00+08:00,878.985,20.032314675608685,-67.48305747800242,19.625932567690757,31.182353357171124,32.80201213888733,1.7982502451328322,1.7120933800195925,19.625932567690757,1.8764881848892343,1.7023441330843758
2005-08-26T00:00:00+08:00,888.396,20.287356326677386,-66.06608059486622,19.801889685386396,31.769182018171655,33.039044808558245,1.8345870623956286,1.7282602990269993,19.801889685386396,1.8903095236226164,1.7319019502305828
2005-08-25T00:00:00+08:00,888.011,20.05838670812911,-64.34947322219872,19.596348708273517,31.478286355086386,32.65059031770541,1.8343970419233424,1.7159053273470324,19.596348708273517,1.884547797032915,1.7187104681565315
2005-08-24T00:00:00+08:00,884.031,19.851733156191237,-61.967040162617494,19.393035560826217,30.80797853860123,31.771012246866153,1.8249653520176037,1.6950944122208613,19.393035560826217,1.867856716822549,1.6983592356664774
2005-08-23T00:00:00+08:00,875.706,19.582019882985044,-60.530669939275015,19.208529446863682,30.377460492813075,31.332835256160617,1.7996615956427098,1.6740748467583761,19.208529446863682,1.8380170592614093,1.6602403244811201
2005-08-22T00:00:00+08:00,886.028,19.777440142048242,-58.28660184335471,19.44867248438439,31.118719198063076,31.894086140879963,1.8177137707647573,1.7092995043271528,19.44867248438439,1.874223567475896,1.7027572547141072
2005-08-19T00:00:00+08:00,877.254,19.604570470568465,-57.1989990570084,19.292345689630388,30.922795218544728,31.365343642851627,1.808021638404226,1.6876652881178626,19.292345689630388,1.8586890468051778,1.6889258899052089
2005-08-18T00:00:00+08:00,876.165,19.66424558807961,-56.41430120957459,19.48571317813174,31.026198630715513,31.295837677414056,1.8074093179574233,1.692334194201824,19.48571317813174,1.8610378769719533,1.6861084932189232
2005-08-17T00:00:00+08:00,906.064,20.531651809609244,-54.887693685714325,20.108516023174825,32.320506303876996,33.048302722143376,1.8837682253050565,1.7639295058128583,20.108516023174825,1.94353117091971,1.753240832787863
2005-08-16T00:00:00+08:00,894.786,20.292619763243632,-53.56750543145194,19.98633699677692,31.198045137405362,32.09272345429835,1.8640042799780097,1.7283614958209088,19.98633699677692,1.902929795022393,1.7344497806971668
2005-08-15T00:00:00+08:00,900.267,20.625099922817625,-50.33864671598995,20.248638694721606,31.42040161018484,31.95480960445513,1.8818127721941886,1.7268278608362488,20.248638694721606,1.9113159600095926,1.7318711014592765
2005-08-12T00:00:00+08:00,879.532,20.439684954643496,-42.169885918974636,22.22628993094353,30.6662094194904,31.091494136539296,1.8509835400693653,1.6677922656790098,22.22628993094353,1.8605031873936886,1.7052207650086082
2005-08-11T00:00:00+08:00,894.389,20.748684728454776,-42.96900896357573,22.6351872651065,31.05957861805596,31.84461012137828,1.8785761588335392,1.7045978939092477,22.6351872651065,1.890183227994669,1.7195485036546707
2005-08-10T00:00:00+08:00,882.309,20.4464176880706,-41.42608772566683,22.357800745191284,30.915135399229936,31.34977460758364,1.849647054702321,1.6874216743083796,22.357800745191284,1.878030031852641,1.7060152124133074
2005-08-09T00:00:00+08:00,874.092,20.282519216871734,-39.80500832756703,22.167909728879387,30.633528545453885,30.70173121744775,1.833193008870114,1.6685547299648968,22.167909728879387,1.8505992041923114,1.675591503131928
2005-08-08T00:00:00+08:00,865.498,20.10035218418358,-38.21948993942221,21.960927455751865,30.40615291461124,30.529816672512425,1.8130312966092048,1.640671730566199,21.960927455751865,1.8285158686278735,1.6565672010238277
2005-08-05T00:00:00+08:00,858.69,19.87687416895276,-37.80388654845427,21.653290838265086,29.780973138174033,30.169659054038064,1.7941774962870665,1.6196435643557927,21.653290838265086,1.8057771957673623,1.6373868308112898
2005-08-04T00:00:00+08:00,837.464,19.451419911152897,-38.14669896237647,21.100705544107626,29.391817819728004,29.327340449685316,1.7547987621962324,1.574387408526668,21.100705544107626,1.7582836860741542,1.590437837216227
2005-08-03T00:00:00+08:00,842.608,19.564925285484893,-37.40326503913075,21.24715792111173,29.52004872209869,29.733190308796075,1.7645770471842757,1.5881822989186616,21.24715792111173,1.769369400943378,1.6016450313943094
2005-08-02T00:00:00+08:00,836.389,19.44649906074051,-36.58034740874496,21.03087600915775,29.268593970366947,29.412479225071756,1.7554133312779991,1.5697088827016372,21.03087600915775,1.757220093256846,1.58115922857708
2005-08-01T00:00:00+08:00,824.124,19.11675591406112,-35.833816974180905,20.66703997280006,28.724928240224724,28.978697333850533,1.730161959551783,1.5401597646140093,20.66703997280006,1.725803034084665,1.5445231689180408
2005-07-29T00:00:00+08:00,819.927,19.051295843785475,-36.4146392815612,20.493361022373982,28.524196251900705,28.6919501819929,1.7217219566263937,1.5277779132707212,20.493361022373982,1.7148239339489522,1.5368441430415465
2005-07-28T00:00:00+08:00,822.623,19.17291644053082,-37.061822184130776,20.626510771935383,28.665425286357255,28.851260397708625,1.7298802183421276,1.5338468028404733,20.626510771935383,1.7226964005881142,1.5446336683922461
2005-07-27T00:00:00+08:00,825.133,19.145625007842554,-36.176446595492976,20.6595252852536,28.85210336886828,28.85402929021297,1.7278892738971907,1.5348885716387886,20.6595252852536,1.7253910673408297,1.5379777668676038
2005-07-26T00:00:00+08:00,809.068,18.888075181897463,-35.951652372989514,20.300987577730254,28.31658434683351,28.38109726731207,1.7029882659411204,1.502839896909768,20.300987577730254,1.6883363813508319,1.5105354331235108
2005-07-25T00:00:00+08:00,790.801,18.439416835966348,-35.64864229960383,19.80740487349488,27.77780193002275,27.92180719412387,1.6609358267160588,1.4658084551417745,19.80740487349488,1.652672586343716,1.4701598693232492
2005-07-22T00:00:00+08:00,792.907,18.444163168721424,-35.753376309220215,19.863216863207317,27.773985245370294,28.05811147001478,1.6634422711712789,1.4685998221697965,19.863216863207317,1.6573126731201833,1.4769482831253764
2005-07-21T00:00:00+08:00,776.729,18.003679137648902,-35.109245981152334,19.417996572636103,27.15205094304497,27.290529437129777,1.623314615425215,1.4300914849560467,19.417996572636103,1.6183555020113354,1.444748100850783
2005-07-20T00:00:00+08:00,777.295,18.00969659576437,-34.75082231315161,19.461252820633725,27.16702468320369,27.39331326220341,1.6236987367228086,1.4337273756648394,19.461252820633725,1.6262013933792963,1.4387211281723227
2005-07-19T00:00:00+08:00,771.548,17.880577238472515,-34.94221467970835,19.319007306128654,26.95238825775434,26.991106974506366,1.6118973894301942,1.4239362313497055,19.319007306128654,1.614118639512411,1.4312565991461683
2005-07-18T00:00:00+08:00,767.933,17.846277844254594,-36.677669643862934,19.19142945263489,26.60498339046232,27.01406096174085,1.6079336069114356,1.4075693688614486,19.19142945263489,1.6017747552256352,1.4268230941429856
2005-07-15T00:00:00+08:00,780.149,18.083822554652173,-38.396671983589194,19.724083319906068,27.677279522484664,27.894290444701276,1.6302713966925972,1.4535839772588774,19.724083319906068,1.6451052229139724,1.4668162490497778
2005-07-14T00:00:00+08:00,792.691,18.349287648027804,-38.53998308869818,20.216623893108817,28.318218588600345,28.097644775355015,1.651547468892814,1.498401687529725,20.216623893108817,1.684296520726001,1.5012610136722082
2005-07-13T00:00:00+08:00,791.079,18.307832086624664,-38.81438522143459,20.227907088918023,28.479359833333472,28.287171587795534,1.6473594609445894,1.4989954442425317,20.227907088918023,1.6841561411463646,1.5053064497149462
2005-07-12T00:00:00+08:00,797.216,18.457713333893082,-38.91806356532635,20.396855609163477,28.69288612602658,28.426731138127707,1.6606766157629858,1.512060256282046,20.396855609163477,1.6929659292621713,1.5316046371606573
2005-07-11T00:00:00+08:00,771.143,17.862181060898237,-40.044290266386966,19.741219169053604,27.555597316144556,27.543427361167467,1.6060371079525226,1.460384707106864,19.741219169053604,1.6390797427660926,1.4752434964623933
2005-07-08T00:00:00+08:00,777.805,17.994863244185098,-40.28105148200474,20.018208938158136,27.959738913026435,28.213372704460593,1.6172820803056742,1.482513153884224,20.018208938158136,1.6597945163794974,1.4852216693050562
2005-07-07T00:00:00+08:00,796.39,18.386159663626056,-40.71173061533116,20.66774012178315,28.91968257924049,28.975627004315108,1.6519474433805896,1.5404859804993145,20.66774012178315,1.7234060986665667,1.541132761586827
2005-07-06T00:00:00+08:00,793.749,18.307901779029294,-41.2589094218338,20.593177322977503,28.794704307152198,28.938743714653054,1.6442656102221718,1.5309896698238867,20.593177322977503,1.7086252131324697,1.538779777815139
2005-07-05T00:00:00+08:00,798.465,18.38760074208767,-41.574527496837206,20.651090151056856,28.8469107178868,28.92900661470084,1.650854612531494,1.5335023269570311,20.651090151056856,1.7151371909265953,1.5415191384361902
2005-07-04T00:00:00+08:00,804.441,18.558413080203646,-41.53087017534945,20.825396315431306,29.036430682998,28.979804691130695,1.6642707266918504,1.5454238279393873,20.825396315431306,1.7315807422892708,1.5558444632649486
2005-07-01T00:00:00+08:00,811.078,18.69673811059052,-42.313093043194336,21.09243229262538,29.62374786071721,29.498895681686975,1.6764862102309508,1.5733781218061773,21.09243229262538,1.751145251518288,1.5769615104019512
2005-06-30T00:00:00+08:00,835.013,19.34936455675946,-34.4659230483524,21.821721921911355,30.991322793211843,31.29664568668787,1.7198616344928899,1.6489652346634578,21.821721921911355,1.803849354784816,1.6325779696290788
2005-06-29T00:00:00+08:00,855.782,19.820750347759486,-34.555669762984884,22.396662457086425,31.696946556556806,32.09061770969843,1.7614219172280074,1.700209436565388,22.396662457086425,1.8538375525089972,1.6763599815202759
2005-06-28T00:00:00+08:00,860.305,19.923562862865317,-34.84961489719499,22.526228343457785,31.79443706072259,32.428698977697756,1.7699114302524155,1.7108041962537635,22.526228343457785,1.8639524231913387,1.7008440910958695
2005-06-27T00:00:00+08:00,873.376,20.23975723952114,-35.18549085521805,22.92696088061026,32.63122128072791,33.002075042480044,1.7971011756697504,1.7430047231358892,22.92696088061026,1.8926148644295595,1.7198568544044912
2005-06-24T00:00:00+08:00,854.608,19.816966107298608,-35.188438180711636,22.35822376369091,31.806141222385488,32.13627739117513,1.7593175973476598,1.6986550466742971,22.35822376369091,1.8439032858442006,1.6747742070571516
2005-06-23T00:00:00+08:00,850.749,19.679186715201205,-35.0606092461014,22.258155541508582,31.68168122688872,31.920697086597634,1.7455641571631086,1.6914800991225076,22.258155541508582,1.841455458201476,1.6578331456320226
2005-06-22T00:00:00+08:00,858.976,19.817258031484663,-35.5779945718231,22.461237833406262,31.78772954290318,32.43737337764797,1.756365226174078,1.7097364916201365,22.461237833406262,1.8491853328423484,1.67056190839181
2005-06-21T00:00:00+08:00,855.841,19.809634236828035,-34.33175937093798,22.407634683828743,31.764649745054808,32.302634993352285,1.7521642917994296,1.7060614934507794,22.407634683828743,1.845042864379232,1.667358019576842
2005-06-20T00:00:00+08:00,864.944,19.93755707905524,-33.718259453975925,22.58778670175815,32.042072329082885,32.500030332131125,1.7625257135809482,1.7207039248985405,22.58778670175815,1.8566119273199837,1.6828169016569934
2005-06-17T00:00:00+08:00,841.001,19.459536878625894,-34.09602251339254,21.868205150927032,31.069726161774216,31.608716319439953,1.7192985001793215,1.6711423644652386,21.868205150927032,1.7981798976464647,1.637047155789358
2005-06-16T00:00:00+08:00,841.904,19.550457636236267,-35.0594422283713,21.98335720431718,31.17824634728701,31.680103805459346,1.7265096180320934,1.6752682630165028,21.98335720431718,1.812590347130147,1.6502647920019244
2005-06-15T00:00:00+08:00,832.145,19.328477716468427,-36.397878553447995,21.731496818004576,30.888846342779466,31.217363231806004,1.7048763587824725,1.660464798790394,21.731496818004576,1.7850873284827276,1.641171916284164
2005-06-14T00:00:00+08:00,850.882,19.754352345676686,-36.948939201579186,22.31940655463626,31.619600564141223,32.15197052796951,1.741849619017204,1.7092158638861448,22.31940655463626,1.8408923497069947,1.6859635911194544
2005-06-13T00:00:00+08:00,863.214,20.00985325477003,-36.03002564419884,22.672254545444474,32.16884698193573,32.74779482902345,1.763970006300838,1.7436378772670633,22.672254545444474,1.8694762366117335,1.715199780440003
2005-06-10T00:00:00+08:00,864.606,20.01347446844365,-35.219727088940594,22.598065595601856,32.08912403871389,32.343179262074216,1.7590771637510043,1.7330162468121075,22.598065595601856,1.8648697504083456,1.7023173925639477
2005-06-09T00:00:00+08:00,882.529,20.46220545293732,-35.0318324525907,23.118743878136858,32.96096651259745,32.8728500644489,1.798180784875934,1.7696891232328205,23.118743878136858,1.9004563852113632,1.7415857334759939
2005-06-08T00:00:00+08:00,875.887,20.211471233303822,-34.684321053732795,22.91104521707332,32.6436932560383,32.852398453268634,1.7756240639634007,1.753485597481505,22.91104521707332,1.8768543850264612,1.7220470711976352
2005-06-07T00:00:00+08:00,811.105,18.708488580563298,-34.72887839001868,21.230218987474316,30.307596014662604,30.694994671055426,1.6434443903503635,1.6304921081382613,21.230218987474316,1.7445795522264038,1.6051210291925213
2005-06-06T00:00:00+08:00,811.387,18.75526550390947,-34.350810076231376,21.220499234206983,30.091800108833038,30.49892707226843,1.6471349720894146,1.6261634802056009,21.220499234206983,1.7411509363143491,1.5964409220327762
2005-06-03T00:00:00+08:00,794.355,18.374406068231895,-35.27978596263975,20.86962643437631,29.787944774267437,30.047215074637236,1.6078090038680766,1.6035939994218062,20.86962643437631,1.7132982205599183,1.5785670676245473
2005-06-02T00:00:00+08:00,795.82,18.43659363442888,-34.771064876691426,20.94232405779397,29.78933313152137,30.10473367939848,1.6126454951640812,1.6089053886314522,20.94232405779397,1.7220197196907099,1.5796731506013106
2005-06-01T00:00:00+08:00,811.21,18.804464046240884,-34.43350819985108,21.256880778674002,30.132834680295566,30.385261930857038,1.6444091693810015,1.6207150247817268,21.256880778674002,1.7427952648399518,1.6013198729343907
2005-05-31T00:00:00+08:00,828.614,19.218765250169312,-34.224327413723266,21.785709243390144,30.62091711662158,31.221295986295345,1.680370155259524,1.655330585659065,21.785709243390144,1.778018932595879,1.6394641819377918
2005-05-30T00:00:00+08:00,828.845,19.20976231511707,-33.953095717955286,21.736941784255865,30.58781728589885,31.227184891648214,1.6791875029312648,1.6545955522362774,21.736941784255865,1.7771672965504774,1.6386095745466696
2005-05-27T00:00:00+08:00,822.451,19.06624068216664,-33.58589407320023,21.596312130484364,30.39298481308373,30.752232530729703,1.6664057376047132,1.634688620695022,21.596312130484364,1.7614246590634248,1.6146941136148976
2005-05-26T00:00:00+08:00,829.978,19.20396455024729,-33.73468511263015,21.80939694771189,30.655772444727376,30.98196331612599,1.6773765152383204,1.6434801787894262,21.80939694771189,1.776971601251957,1.6237078560567069
2005-05-25T00:00:00+08:00,840.547,19.445931379519436,-33.865852210765276,22.073274272210217,30.958720052798903,31.552833010897558,1.698181383683215,1.6567093546164122,22.073274272210217,1.7968232319465283,1.6399428953063517
2005-05-24T00:00:00+08:00,840.028,19.446023878584597,-32.89723426381977,22.035822113187304,30.84493984784694,31.49302737216474,1.698486381448261,1.6444859482615584,22.035822113187304,1.7878236481330487,1.628885897338199
2005-05-23T00:00:00+08:00,831.271,19.338728478243755,-31.67355387700795,21.702155259111283,30.26616841265626,30.657894008835697,1.687258612616395,1.6067858048610109,21.702155259111283,1.7570817900445228,1.5938476965339003
2005-05-20T00:00:00+08:00,853.736,19.876013104215346,-32.02828247316946,22.411919195310222,31.29193750494382,31.73676417923461,1.7311324005706417,1.6663539335153417,22.411919195310222,1.8123086367177634,1.6463570934772112
2005-05-19T00:00:00+08:00,856.675,19.96512429653709,-33.54220696168878,22.55077307790336,31.399213243840585,31.95780001623573,1.7381234075544587,1.6799558948208753,22.55077307790336,1.8251066749655216,1.6628713621616364
2005-05-18T00:00:00+08:00,856.269,19.9568955534531,-33.16615098959113,22.478903591861382,31.650099370056346,31.697527549906074,1.735993333246585,1.6766156856381105,22.478903591861382,1.8218582372922014,1.654431721256588
2005-05-17T00:00:00+08:00,853.112,19.903667733117384,-31.795045596741268,22.37125721031371,31.09313965740278,31.41774607010115,1.7304165400208116,1.6611572646482853,22.37125721031371,1.8128418196456593,1.6405982972557782
2005-05-16T00:00:00+08:00,845.455,19.813016798259735,-31.570890896242734,22.10462267297589,30.739193272641437,31.01559404758509,1.7221885762521778,1.6426044353700822,22.10462267297589,1.7886012406619738,1.6171645498128722
2005-05-13T00:00:00+08:00,854.902,20.034977948346626,-30.886412778530374,22.38704168759546,31.1683996810888,31.330979301973173,1.7410667434383507,1.6526277688749489,22.38704168759546,1.804075250941867,1.632630826269947
2005-05-12T00:00:00+08:00,851.456,19.95894545893244,-30.007297920282163,22.237178331998138,30.794230930597113,31.058553801447122,1.7344324764737442,1.6356965538236183,22.237178331998138,1.7886230548286226,1.6135795291206319
2005-05-11T00:00:00+08:00,863.159,20.293960221452107,-30.35097905459506,22.41845138113973,30.793231920947374,31.108167095134128,1.7628093059288474,1.6376769280943002,22.41845138113973,1.8005772245254448,1.623756290734435
2005-05-10T00:00:00+08:00,872.162,20.532104168270866,-31.29343746155059,22.63823548557537,30.760557765075074,31.27100238033978,1.7833186621393966,1.643988036165401,22.63823548557537,1.812659706894722,1.6399542709354058
2005-05-09T00:00:00+08:00,869.815,20.331408448891093,-34.49888344964524,22.625716024938324,30.775141099832172,31.296833882720716,1.7742987328079598,1.6325605854014482,22.625716024938324,1.8085237088884545,1.628052698283865
2005-04-29T00:00:00+08:00,894.518,20.41038464042776,-44.848842164351915,23.425560557162676,32.30662340212071,32.087426028378445,1.8365200356965816,1.680527525811706,23.425560557162676,1.860098413453609,1.7002441961751926
2005-04-28T00:00:00+08:00,904.973,20.44707463388211,-53.04440662786424,23.77748903194682,32.71528488301499,32.309990760146846,1.8644138872185485,1.6927056078836413,23.77748903194682,1.8884565367166524,1.7115370296808132
2005-04-27T00:00:00+08:00,887.98,19.806543102460083,-61.39001768356363,23.454653418669253,32.283149213990995,31.22993433250113,1.8290304076309505,1.646532285951675,23.454653418669253,1.842311360472565,1.663167970067269
2005-04-26T00:00:00+08:00,900.096,20.128101876652796,-65.67094686054338,23.866953916202867,33.016579483324804,31.95307649023033,1.8545645117625895,1.6770686113822322,23.866953916202867,1.8716022857182701,1.6956855929148236
2005-04-25T00:00:00+08:00,889.918,19.735262659743444,-119.7371531065961,23.456660422901653,31.893979331131597,31.020676532124714,1.8444922737975218,1.629477770311888,23.456660422901653,1.8446628428718368,1.6626477183853394
2005-04-22T00:00:00+08:00,902.047,19.948754257105385,-170.28423401467637,24.151203751478903,32.601423435949,31.486581910689402,1.8733444218919535,1.6619284818323536,24.151203751478903,1.8929526394940275,1.6993819282103444
2005-04-21T00:00:00+08:00,909.624,20.09170593298941,-196.78544512456457,24.444863733874573,32.80721624770155,31.526909501929296,1.8874223210756016,1.6928978510498194,24.444863733874573,1.9101637208250666,1.723360623345361
2005-04-20T00:00:00+08:00,920.522,20.230355514210654,-288.47247774112316,24.850316101341072,33.46321053879085,31.819369027427733,1.9066688911162852,1.7317616485465066,24.850316101341072,1.9574580655885359,1.7692033375732055
2005-04-19T00:00:00+08:00,936.694,20.445016407172883,-394.32666207157143,25.20589105109642,33.75639413979263,32.66465674105747,1.9359631233565973,1.7698453480552088,25.20589105109642,1.9943701275572239,1.8051733154623362
2005-04-18T00:00:00+08:00,935.082,20.45336401065168,-470.7393181339527,25.22096756105369,34.05006253752388,32.73189248607149,1.9345559915849326,1.768191062714621,25.22096756105369,1.9996126108176495,1.8036851306182333
2005-04-15T00:00:00+08:00,946.919,20.253940533111113,-2050.7382249199522,25.5680204309365,35.03495037229484,32.94331873605865,1.9644119290886535,1.796467513524019,25.5680204309365,2.0338655968757324,1.8417277066785271
2005-04-14T00:00:00+08:00,963.445,20.627492637206622,-1472.5322210488712,26.193035710040533,36.49552606638738,34.06414706048934,1.9976826776365422,1.84951611645906,26.193035710040533,2.072624484905369,1.9028169718699084
2005-04-13T00:00:00+08:00,977.373,20.880754833547233,-2338.1375643792385,26.5964442932944,36.99981203833633,34.3151624483206,2.021917112456841,1.8814084126152826,26.5964442932944,2.111416472540077,1.9270485722407102
2005-04-12T00:00:00+08:00,954.876,20.279526536191717,4997.829229474568,25.84452171678148,35.6434509363278,33.576151938099734,1.9753611940355849,1.8327431747077447,25.84452171678148,2.067586747981341,1.8726046299794474
2005-04-11T00:00:00+08:00,973.075,20.771816382157752,2967.716512999291,26.327251187593742,36.222744572641474,34.112543619425466,2.01444550731396,1.877857360480102,26.327251187593742,2.1100566829512593,1.9315652168770638
2005-04-08T00:00:00+08:00,978.589,20.831720505241712,3229.3814995074626,26.45523748434277,35.87480569172658,33.94108135228168,2.031446440072229,1.8769104139124837,26.45523748434277,2.117477104870398,1.9271465124060332
2005-04-07T00:00:00+08:00,961.072,20.48118501961543,1211.7202441110976,25.971057224799655,35.48525456831384,33.29335110645999,1.994643940015461,1.8442366111775839,25.971057224799655,2.086034190351902,1.8938217083290432
2005-04-06T00:00:00+08:00,948.751,20.2865562507453,1015.5173128824182,25.561497195782575,34.79622089478801,32.980949619439016,1.9755987234823311,1.8124110489444027,25.561497195782575,2.051679762020339,1.8649956810085393
2005-04-05T00:00:00+08:00,932.209,19.849264967020467,450.3778017481767,25.078764061447718,34.37256917430352,32.294396738699994,1.939076177223147,1.7843654081501008,25.078764061447718,2.0132289964683805,1.8366477786099134
2005-04-04T00:00:00+08:00,939.433,19.988364874019435,502.67123573280196,25.349835836427047,34.72925783076467,32.32277674166102,1.9545689294950719,1.800565379855465,25.349835836427047,2.033775735970042,1.8640927186353458
2005-04-01T00:00:00+08:00,955.985,20.320017891283108,643.0356476231059,25.847143301089417,35.34838470446297,33.13846900358127,1.985099783122801,1.8375300077975112,25.847143301089417,2.0782090862021843,1.9002587453361763
2005-03-31T00:00:00+08:00,922.096,19.686099805489782,665.5146259094785,24.944715849721234,34.10863565271872,31.99129454546126,1.9180438657792096,1.7760598363137365,24.944715849721234,1.9927858894038675,1.8345665328166059
2005-03-30T00:00:00+08:00,916.088,19.51334497898276,659.2411135966755,24.66826811611285,33.48604081942684,31.586324638079248,1.9028626456297373,1.7638120016484513,24.66826811611285,1.98227652272378,1.8183109871234948
2005-03-29T00:00:00+08:00,938.151,19.943122207111447,832.6295638552064,25.321400537474247,34.41651047640974,32.8615764720314,1.9428969083236383,1.8238646315224514,25.321400537474247,2.0429839140401045,1.885242898783968
2005-03-28T00:00:00+08:00,943.827,20.630475049270768,1122.3364936074925,25.401728118293477,34.43752450987496,32.980981937122195,1.962473139526523,1.8345350416617516,25.401728118293477,2.0591223080580088,1.909226119290604
2005-03-25T00:00:00+08:00,948.206,20.82844913658903,1104.939081064648,25.554216936345846,34.75793442906022,33.200107502189674,1.9748042766035139,1.8566019683685868,25.554216936345846,2.076636370263502,1.9309231385203658
2005-03-24T00:00:00+08:00,950.122,20.79830468457036,907.666310869874,25.553058259821793,35.05848868704063,33.36709085084888,1.9783696791660639,1.8604962600617017,25.553058259821793,2.0856974439009344,1.9401726208958212
2005-03-23T00:00:00+08:00,942.915,20.800139085194107,1115.3175037915396,25.195501803628613,34.69961513365213,32.85018879094691,1.96929593501713,1.8349119940830958,25.195501803628613,2.0554681791810254,1.9096511657809077
2005-03-22T00:00:00+08:00,946.215,20.828432921386785,640.5082354398652,25.22316918539549,34.84545208231176,32.740534661636765,1.9768966702370485,1.834274191143417,25.22316918539549,2.0709514802801174,1.9171447748280923
2005-03-21T00:00:00+08:00,968.006,21.30476876249765,536.0601052370517,25.936802731626628,35.57260517780504,33.66973128296351,2.019858252291526,1.9014316365900312,25.936802731626628,2.1320678572356275,1.974568527778287
2005-03-18T00:00:00+08:00,965.946,21.226353600629942,428.85882787577435,25.827808842189054,35.16466452693503,33.60056506309,2.015337530642665,1.9003676434014374,25.827808842189054,2.13090769955412,1.9693877935659838
2005-03-17T00:00:00+08:00,982.481,21.621387253806777,515.7734483137906,26.315163068718324,35.90566155705832,34.29817670388121,2.046459399778956,1.9421559047636778,26.315163068718324,2.1840277608038194,2.005858031218094
2005-03-16T00:00:00+08:00,993.925,21.897880414990265,594.3585520347388,26.669231192657744,36.12132452881665,34.51338340280503,2.068688389880177,1.9732672223219205,26.669231192657744,2.2143074555010287,2.04095085139246
2005-03-15T00:00:00+08:00,1003.893,22.203259891598837,662.0982544090457,26.931629330827548,36.60531728067249,34.92891945675867,2.0953537018540818,1.9911829832560084,26.931629330827548,2.233536827406557,2.0572158089694543
2005-03-14T00:00:00+08:00,1019.298,22.626978978481837,990.8572405595613,27.33659545929162,37.387782253472814,35.0424399892607,2.1349561141686766,2.0191957841552433,27.33659545929162,2.2586882855384105,2.090722653687893
2005-03-11T00:00:00+08:00,1018.754,22.590697076484144,683.2158442596715,27.267259656731927,37.407213738925634,35.32828242338421,2.1309969720707733,2.0367460404180537,27.267259656731927,2.275895238083307,2.0970703227538716
2005-03-10T00:00:00+08:00,1013.799,22.531954119934955,661.290668517618,27.164379536955796,37.076131334725325,35.10441091379927,2.123911118391434,2.030815132496042,27.164379536955796,2.2608613788575673,2.0865141570998222
2005-03-09T00:00:00+08:00,1038.784,23.11144025964184,920.7637401327581,27.805041660529422,37.624746969771216,36.09624058754738,2.1764670074159915,2.087564262816327,27.805041660529422,2.3260235457976703,2.1496794074495496
2005-03-08T00:00:00+08:00,1038.901,23.167830941209015,1403.5182703663343,27.698585994581478,37.37086619159733,36.09246616762455,2.177597928352815,2.0836233250282876,27.698585994581478,2.3249272214061554,2.1556447589255874
2005-03-07T00:00:00+08:00,1019.025,22.789088942217756,1879.2227714052929,27.012319915933027,36.23241374102826,35.38509722528773,2.1369630205332797,2.0422320095042688,27.012319915933027,2.2815126523632503,2.1131582405910825
2005-03-04T00:00:00+08:00,1013.949,22.681489881531785,3291.6811137796713,26.884325210501498,36.26977688238818,35.302298912696536,2.125694057041305,2.036858117347525,26.884325210501498,2.2737863041846493,2.106063808785272
2005-03-03T00:00:00+08:00,1019.344,22.862216697740116,8360.515801376458,27.104740405076907,36.18996102896716,35.54853076534872,2.1368722690769166,2.053490081020196,27.104740405076907,2.286006443670235,2.1122982591384103
2005-03-02T00:00:00+08:00,1013.528,22.755529742460766,2051.9340487110817,26.95420432418409,36.05389743673477,35.13393100683649,2.12678275194924,2.043729242340577,26.95420432418409,2.277289745312943,2.099075947931093
2005-03-01T00:00:00+08:00,1028.346,23.092918720213486,3823.3198205067006,27.393260760305836,36.939352817616644,35.52880634823668,2.1555040468991242,2.073948589372871,27.393260760305836,2.311265736121055,2.1317770969137975
2005-02-28T00:00:00+08:00,1030.365,23.214362425346373,12183.674556447131,27.50722823709685,36.79075507010291,35.66513563497439,2.162133843562537,2.07087535070258,27.50722823709685,2.3142762139090602,2.1336859639684356
2005-02-25T00:00:00+08:00,1035.396,23.318685474609673,8986.13384898169,27.51377912689591,36.931299490564804,35.65750560124043,2.1701692552105323,2.076996915228986,27.51377912689591,2.321936976407834,2.1290441360583485
2005-02-24T00:00:00+08:00,1034.488,23.27353648517279,3920.8432023475584,27.49345183980017,36.767814033179036,35.71740739606297,2.167393712963819,2.0792857779757385,27.49345183980017,2.3187394171602698,2.1240853508035773
2005-02-23T00:00:00+08:00,1031.987,23.273422586534753,3781.4848830843803,27.392465809969824,36.59438081736404,35.69189085254346,2.1663445789546825,2.0699400744149474,27.392465809969824,2.321055087418157,2.118592942922273
2005-02-22T00:00:00+08:00,1029.043,23.258720468389694,-13978.68333575319,27.196009857361826,36.06836167761935,35.29804001678149,2.16268783390133,2.049924709102898,27.196009857361826,2.295524318874587,2.1203337572726206
2005-02-21T00:00:00+08:00,1006.17,22.792618566122943,6665.6489442223565,26.472215440731382,34.94034275301325,34.04007839496328,2.1188914643608627,1.9975673805348066,26.472215440731382,2.2305107615195063,2.059719128051954
2005-02-18T00:00:00+08:00,987.637,22.398117385356286,4940.7350585498525,26.042641715424615,34.30120087368979,33.56124375468873,2.0782562362747563,1.9617458511376775,26.042641715424615,2.191669023998718,2.021375517823901
2005-02-17T00:00:00+08:00,1001.128,22.693956523224973,-5368.18965431678,26.36908425988485,35.01002820268834,34.127195759690466,2.1057062903398553,1.9848758090310563,26.36908425988485,2.219135176647558,2.0410490400673313
2005-02-16T00:00:00+08:00,1000.771,22.735769847657036,-1472.6060242727826,26.313386557295125,34.47938967650985,33.82123468350414,2.1093704192142315,1.9734999960470874,26.313386557295125,2.2077637380123747,2.022540586077657
2005-02-04T00:00:00+08:00,992.605,22.654227196452606,-336.4142862484436,26.030040311030962,34.121492593752485,33.38688222097979,2.0900519824393666,1.9494557675794064,26.030040311030962,2.1833094164312405,2.0060241715451483
2005-02-03T00:00:00+08:00,972.193,22.260985733689434,-404.95557846218236,25.535748733289743,33.41636459732623,32.933578006088,2.0482408212935423,1.9190733815154561,25.535748733289743,2.148982236380819,1.980219990676936
2005-02-02T00:00:00+08:00,987.942,22.5674732717306,-429.9939669948891,25.992195803727338,34.3324246901702,33.512364960367115,2.0751234356023165,1.960118902898509,25.992195803727338,2.1932648747334573,2.0174142731664175
2005-02-01T00:00:00+08:00,937.55,21.406337070891304,-700.9172367762186,24.601987503305583,32.64713920156486,31.832357609714443,1.969437171857701,1.8553126964104583,24.601987503305583,2.0831590876113655,1.909368456837181
2005-01-31T00:00:00+08:00,941.299,21.5342336176277,-741.1224744753054,24.83133431164007,33.204357207936276,32.23785143087546,1.9761294125819,1.8788104081367607,24.83133431164007,2.1073721254448388,1.926891203529822
2005-01-28T00:00:00+08:00,962.246,21.94782139444296,-814.6841832045627,25.509318528795113,34.54105615676595,33.431256148889936,2.0157639459982897,1.9496070547198003,25.509318528795113,2.171477513535133,1.9927322215991223
2005-01-27T00:00:00+08:00,973.29,22.194988728816856,-1454.2020532924564,25.88212962965069,34.88774277981318,33.95920879830097,2.038217691631093,1.9917950009601368,25.88212962965069,2.2169733779119527,2.0360299142578127
2005-01-26T00:00:00+08:00,988.751,22.50431585908755,-2966.3141982049174,26.26353858012634,35.37781269366162,34.710177114723656,2.066621567759106,2.024240161678081,26.26353858012634,2.254654715998198,2.0733411097047325
2005-01-25T00:00:00+08:00,997.723,22.728224169809202,-3443.4694410478237,26.47881359221844,35.75860414237155,35.12199054840437,2.086143506052694,2.045978788318324,26.47881359221844,2.285159163963715,2.1018396994759176
2005-01-24T00:00:00+08:00,1001.43,22.7389915794182,-2238.8403195441488,26.63579346390654,36.17498686928922,35.61944658137764,2.087515647891126,2.063807055710341,26.63579346390654,2.2979770686422003,2.109991078815675
2005-01-21T00:00:00+08:00,984.274,22.33864496771819,-1975.4016686292387,26.15918242815612,35.448512026027934,34.74998665976189,2.050690221549471,2.023571329966057,26.15918242815612,2.2455256288651966,2.0668485222233155
2005-01-20T00:00:00+08:00,962.024,21.82209274717627,5555.599840224034,25.568384943830402,34.88083540591975,34.05435406710715,2.0032706672696228,1.9826286786802345,25.568384943830402,2.208176114118901,2.0239896212603465
2005-01-19T00:00:00+08:00,974.092,22.092069540076725,6842.826337711605,25.99197872232282,35.49292619307211,34.606785504245515,2.027858440509175,2.013172111468374,25.99197872232282,2.237961896141673,2.064206085281095
2005-01-18T00:00:00+08:00,980.544,22.22987602392372,-4977.560560063295,26.180605240999455,35.677599624633864,34.86666089306599,2.0401995665898065,2.022489377955621,26.180605240999455,2.2621951759089662,2.074162264834706
2005-01-17T00:00:00+08:00,970.812,22.055012539545555,-1882.8574901964466,25.926057367193994,35.43147930230564,34.39879407798834,2.0239620360709667,1.9938204996169817,25.926057367193994,2.2239774446962404,2.037943921346221
2005-01-14T00:00:00+08:00,992.284,22.58167600407948,-1139.0363615608942,26.61556719674749,36.094566801808654,35.09828560926535,2.0722926077789943,2.044438475652902,26.61556719674749,2.280107725118947,2.0956686204520354
2005-01-13T00:00:00+08:00,1002.702,22.793792728386858,-893.5294829356018,26.90389107772505,36.45540639185431,35.581125694307055,2.0917582984451704,2.0702495078588203,26.90389107772505,2.314743680377936,2.1213636923862738
2005-01-12T00:00:00+08:00,1001.3,22.789742688878558,-1001.750722063862,26.865811284141454,36.61501866287523,35.49733517164559,2.091386631317528,2.065447318404665,26.865811284141454,2.299510977548643,2.1162544481498617
2005-01-11T00:00:00+08:00,1001.779,22.794802344807824,-968.4458380635647,26.85828526518808,36.590384698808585,35.67434870124376,2.0917751232452475,2.065843106240837,26.85828526518808,2.2985288250977467,2.121697786743826
2005-01-10T00:00:00+08:00,998.967,22.719936225269315,-781.8032747348511,26.791278688416696,36.50865380930842,35.49671618314849,2.084905000646268,2.057616872586287,26.791278688416696,2.2989870549412807,2.1207071573163216
2005-01-07T00:00:00+08:00,989.611,22.56291371232912,-666.3790110633554,26.574000619532786,36.18650194990226,35.2320323200452,2.070495760256132,2.039036434772689,26.574000619532786,2.2743232817861876,2.0909248238228475
2005-01-06T00:00:00+08:00,987.528,22.485905881927042,-522.7104665941027,26.516097433295347,35.74486412804542,34.866954265713424,2.063429102650792,2.0289704854975645,26.516097433295347,2.2700876683808238,2.093626418658223
2005-01-05T00:00:00+08:00,997.134,22.724235694993283,-461.2689654150224,26.769980313765302,35.85994321083715,35.36903689085898,2.085299543389003,2.047347330816119,26.769980313765302,2.2889106130356525,2.108442560853349
2005-01-04T00:00:00+08:00,984.398,22.529431771475085,-403.77771495422564,26.429490285509377,35.40939761928678,34.56837400711245,2.0675810325920105,2.011082913045073,26.429490285509377,2.242623960408066,2.077706942633932
